157
9
146
118
133
38
79
43
111
112
122
116
130
129
114
26
116
108
115
59
12
156
106
49
64
76
134
21
144
145
50
153
60
145
90
100
41
123
109
109
53
140
19
120
14
92
126
95
127
153
158
90
58
154
134
31
112
32
72
120
16
104
119
100
131
15
150
23
77
9
142
152
13
102
139
146
97
125
149
95
133
21
13
43
108
37
1
7
58
3
77
68
83
76
0
110
155
149
147
25
78
12
65
32
0
137
4
0
91
105
18
136
148
86
51
144
154
35
8
135
49
124
63
35
156
28
55
46
102
70
115
36
111
0
143
1
47
11
48
0
136
48
4
23
89
18
25
6
1
3
121
139
22
29
3
17
58
37
33
2
18
30
39
5
15
0
23
69
17
88
71
5
27
15
28
0
0
13
17
110
0
53
5
10
82
5
0
19
21
15
5
5
9
17
30
0
35
84
19
128
40
80
13
56
4
7
3
6
25
101
9
57
20
57
54
31
28
6
57
20
113
0
99
10
24
9
65
3
6
3
12
74
6
7
20
0
57
29
48
121
4
22
20
73
25
28
33
25
1
26
29
13
39
16
6
66
15
119
131
27
47
55
5
34
47
117
1
27
138
28
22
21
8
94
35
14
96
6
39
151
13
0
0
106
19
23
11
14
44
19
0
0
0
40
7
80
51
0
101
26
113
16
29
48
7
13
53
0
42
152
30
0
122
25
10
5
68
13
0
157
69
3
32
72
34
18
67
1
2
35
0
14
3
98
14
3
2
4
129
34
14
83
140
23
26
8
59
38
36
4
56
13
14
10
73
24
12
54
147
6
20
7
0
36
2
92
5
0
84
23
125
5
70
56
0
87
19
75
0
6
11
91
41
0
11
87
18
10
103
105
16
78
36
8
53
85
24
15
35
4
117
42
21
28
54
10
16
104
61
143
137
12
142
37
46
158
148
32
9
19
22
54
49
24
12
98
34
42
25
26
0
0
21
40
41
37
36
25
4
26
126
3
15
20
10
7
29
2
15
7
8
4
0
24
18
8
42
16
132
26
37
7
2
0
81
38
81
51
0
67
0
7
39
14
43
45
9
89
1
12
17
0
0
45
18
0
5
9
151
18
52
50
12
0
6
24
4
88
138
40
11
2
6
0
82
107
0
11
55
10
10
31
31
8
32
1
15
0
60
0
20
2
93
132
38
141
9
46
36
12
31
11
17
27
47
44
2
0
64
2
2
4
103
16
107
75
155
32
38
30
0
19
0
22
11
27
52
29
34
45
15
123
33
85
3
16
17
10
26
0
114
33
24
74
118
39
0
22
31
8
7
14
62
99
93
51
71
52
21
127
11
7
0
44
9
0
34
124
14
61
2
1
22
56
11
135
130
52
6
0
79
55
45
0
30
1
1
97
33
150
24
41
86
22
0
1
62
66
96
37
13
50
3
23
141
46
33
94
20
58
30
12
128
50
5
8
44
49
0
17
21
23
27
38
63
4
43
39
8
65446
65396
0
65448
65472
65381
7
0
65469
44
0
0
0
150
65478
65429
65486
65403
65397
65447
65468
65484
90
65481
65489
65520
65368
0
65374
65479
65367
0
65364
4
0
2
0
65384
21
69
36
18
65370
65391
65512
65518
65494
65510
65485
65519
65373
65511
0
11
65510
65516
16
84
29
65500
68
65456
102
121
139
11
65420
0
65475
3
65512
65366
65401
0
65485
65365
3
65473
65506
65501
65466
65509
65431
10
65389
65512
65463
4
65516
29
8
0
31
11
65478
65507
65484
14
65506
20
65509
65414
65516
65466
65514
65430
57
129
0
65503
65464
31
0
0
65469
65475
14
65459
65517
65515
5
0
148
65446
142
0
8
65453
65499
65483
65500
5
65508
0
5
16
65499
65471
65512
13
157
65445
111
141
0
65448
65493
31
22
15
22
65491
13
65493
65498
65517
65409
65474
65477
9
0
65371
65416
0
0
65422
65
88
65386
65491
72
65476
25
145
65399
65507
85
65387
3
47
28
7
25
16
40
65476
0
65400
30
104
34
65514
65503
58
65504
65494
65429
65470
65482
65478
0
65504
0
65376
93
65428
20
65424
67
65503
122
65422
65447
65510
65463
65444
22
0
65488
13
30
65497
70
65461
65508
65504
65442
19
65505
2
65493
65498
0
65441
51
65450
65437
2
32
65449
65368
65473
65463
65406
0
65482
65468
65461
65513
65495
65402
65520
65475
65393
49
0
37
0
0
0
8
27
65465
65477
14
4
7
65397
65443
65495
65519
36
65520
142
6
65520
0
0
65457
65489
56
65512
16
65514
13
15
65502
65415
65416
65497
65458
0
41
65488
65466
65511
65412
65504
65519
65501
103
106
38
63
65510
18
65506
32
1
3
54
65520
109
65421
65423
65495
29
65494
65511
65452
48
65500
65508
65407
65520
24
65407
65411
65501
65508
65499
65490
98
65487
3
65403
65470
65445
7
97
39
66
65491
26
26
65516
65488
12
19
138
65502
8
65435
11
0
65404
65390
136
27
65509
119
65455
7
7
110
2
65478
65433
24
65440
31
0
48
65486
77
65485
65498
9
65500
65426
7
65511
65507
1
36
65417
65481
143
108
2
35
65442
65470
38
14
65515
65377
54
12
65438
29
65471
65469
65375
4
152
17
65454
65462
65467
65481
3
65408
65450
65487
46
108
65502
65506
29
65439
65491
65472
65480
61
65462
65484
147
65486
65495
8
10
65480
65432
0
9
13
17
57
133
65510
47
65391
144
3
96
65493
87
34
65506
91
65496
65517
94
65517
65408
2
0
65471
138
65392
0
65493
6
65476
65487
65501
38
65516
8
65372
65443
65512
44
65385
24
94
0
70
65396
65370
9
65498
141
65468
7
0
120
65479
11
65509
65516
6
16
8
65441
65466
65409
65372
65425
158
65468
65501
0
65498
39
12
65398
116
65496
86
65476
65469
65426
65500
65506
2
65492
37
65460
65520
6
24
65488
0
8
2
65509
0
65507
65507
65472
65410
65387
65464
152
0
32
25
0
65432
65516
15
65517
65479
65375
132
65482
65465
0
3
2
100
65498
65518
15
65465
3
65381
65378
82
65382
65436
37
5
65419
127
7
6
81
65496
0
65513
101
65459
65495
35
65520
65483
83
65515
65507
65502
123
65511
34
19
65365
24
65486
12
18
17
65496
65505
158
107
65505
65489
65366
65503
65405
26
65494
65384
65406
65393
24
13
65395
64
65471
6
0
54
6
47
65388
65515
21
65480
1
3
65390
23
21
0
65479
65434
18
65504
5
103
65499
39
20
4
6
10
65511
65499
65395
65509
65404
65498
1
0
65488
4
65394
65502
65511
65488
25
4
38
31
154
135
