-13450
-31346
-8095
22390
-2043
-8605
20021
-17509
32272
21303
27332
-8144
30450
-16996
26111
-26591
11953
10077
17188
-25809
-16354
28373
-4398
13536
-17067
6160
24187
27698
-26457
-3621
-23723
-27394
12633
-5513
14375
-5626
-31553
10817
-12886
-28079
24184
-31708
-816
13591
13712
24448
-10053
13283
-7340
-31038
-4556
25064
12330
-6047
-4191
-21228
-14809
-12194
11022
24633
-2319
-31345
31809
14614
-25287
-1000
-6339
-16602
29619
1264
23137
20182
12713
22574
-10148
30837
-22051
-4667
32274
-6332
-19515
1415
15426
16550
2430
-22980
-32735
4718
5937
12821
-12467
-9579
-22447
-19691
18174
20886
-27866
-14096
-13247
-18669
31582
27185
8723
-27304
734
-4832
26674
11471
1640
-17546
