4
0
4
3
25
-34
-24
-31
15
9
139
0
57
-127
131
54
116
-32
-10
19
139
-155
5
12
-85
-38
-99
-20
19
-6
-65
-79
143
-68
115
-41
87
15
34
-115
-45
-29
0
-27
-2
0
35
-109
6
136
-1
101
59
10
69
-84
16
158
7
-9
102
-1
-39
-117
-90
27
-53
0
-96
-1
-21
1
-7
-116
10
73
2
0
-58
33
-95
13
61
26
-49
0
-17
7
0
3
-21
44
68
-147
-142
-24
-80
-51
23
111
120
-144
48
7
-7
11
31
-23
-19
-15
-123
-18
-120
-128
12
93
-45
18
13
-15
-1
0
44
-2
-51
-137
0
35
147
34
32
39
29
-75
96
-45
95
-148
-22
40
31
31
-66
8
11
-12
-90
-7
-104
64
-3
36
-6
-27
0
-5
-23
15
33
44
5
35
0
4
130
-31
33
-110
4
103
-3
-20
8
-4
32
-17
24
104
5
-36
-78
112
-16
-18
-4
2
91
118
-14
-152
88
1
-7
121
3
132
21
0
-123
14
11
47
122
-69
0
39
-55
17
24
-32
-148
-3
-25
150
4
12
-17
0
-28
26
-10
16
-82
9
-98
-107
-14
17
122
0
-124
2
0
-76
13
-42
-66
23
-49
75
-54
21
59
0
125
-43
142
9
97
14
114
22
-20
52
8
-129
-29
21
2
0
-23
44
-86
-4
119
-56
-25
-15
15
-93
-3
-20
94
22
-38
-29
19
39
8
13
24
-5
3
107
63
19
6
40
4
-25
40
-155
5
11
-106
-48
-53
138
37
0
57
-72
0
37
-1
35
-132
16
-146
-21
-99
-3
-134
47
-111
-151
-46
23
-8
108
-18
-133
10
-14
0
-144
41
33
-46
0
-6
-67
25
-76
-149
-26
55
23
-27
54
-81
71
92
-12
9
25
2
-8
-2
-11
-17
-42
0
-83
-37
14
9
21
58
-1
0
-10
129
-2
-3
38
4
-146
-18
70
3
89
19
14
-62
-22
-11
-98
-153
58
-28
-13
-1
-92
-124
57
-83
22
0
2
-105
-154
-43
50
-80
7
0
-28
56
97
-65
-74
156
154
18
-2
28
-100
12
-30
46
0
36
49
61
-53
8
-60
-126
-16
-47
-157
0
-36
84
-27
48
0
103
-38
60
-150
-91
-7
-127
6
-37
-17
12
-12
-88
24
-36
-17
13
9
140
-42
-41
149
52
0
21
-13
20
-25
158
-30
-102
20
-26
-82
152
87
0
-56
0
32
0
0
-11
7
35
-26
110
-151
67
0
38
0
135
-7
-15
-73
-55
-117
6
-22
28
32
48
54
-26
138
57
-119
12
-131
118
-6
140
-106
34
12
-55
7
126
64
-50
-38
-40
-30
-79
0
0
105
-58
13
49
37
5
-143
130
81
-19
0
-5
-46
156
26
0
100
-9
29
-4
-11
-51
-113
-9
-14
113
24
-71
-10
22
-30
41
-15
77
9
47
-6
70
8
-141
51
-5
-134
-10
-11
141
128
-157
-63
14
62
42
-39
-5
0
0
19
34
-36
153
125
-145
-45
50
8
33
108
0
13
-78
137
-26
-114
6
101
133
-72
-37
34
10
-2
0
112
-23
-18
-52
35
-27
1
6
16
-94
0
56
30
0
-1
5
29
20
8
135
109
-10
121
-5
-136
-16
13
43
-11
53
-50
20
6
-43
-3
1
-89
-16
0
-52
0
14
-33
30
0
-22
0
-28
-24
-74
145
-86
0
-25
39
-31
-18
15
4
77
0
85
-134
64
-140
-69
-154
-142
-84
-15
7
23
-119
47
97
0
120
-82
47
27
-141
0
3
-111
-4
-39
140
-1
0
0
11
22
41
-49
58
-13
-14
127
-93
34
12
124
118
22
-145
26
54
-35
-3
17
-32
-114
35
-88
5
-39
-150
5
-102
-94
21
-80
56
12
117
124
-46
-8
9
1
20
93
123
51
-48
-81
131
11
-44
0
-50
-75
-6
24
-47
58
-25
-70
138
32
153
-13
141
11
-100
148
-28
-110
15
32
86
39
49
21
99
7
4
66
-117
27
-39
152
29
5
57
156
10
-31
107
25
115
-14
3
-3
5
11
0
-24
-32
-33
9
17
-1
30
0
-35
0
-77
-13
-4
20
146
55
67
57
-7
-1
122
-2
30
52
-35
0
-16
-88
-106
-64
20
149
-14
136
-79
71
-57
25
14
-23
-13
-4
-7
85
-43
-26
-29
11
65
47
-6
3
2
53
-38
-51
-22
0
-42
-2
8
18
-38
152
-2
36
-11
-71
13
26
-38
-120
-21
-56
121
0
145
155
30
73
-110
-68
-19
75
17
16
0
14
17
41
137
-12
-37
25
5
0
-29
37
28
-31
-122
84
-72
137
-53
65
95
-142
7
1
16
16
-54
-16
-139
10
-132
-55
-143
-26
35
7
-1
-119
34
0
3
-55
0
-109
-17
0
-18
38
51
-129
17
20
-130
-16
-23
9
-96
62
-157
15
54
-126
45
0
-82
-37
-123
-37
-29
34
143
-16
-44
-32
0
15
-146
63
0
-13
147
-92
-104
5
0
-125
14
9
1
151
130
57
-139
87
133
-36
-109
-50
0
116
0
4
-7
150
-49
9
-86
33
-44
134
6
0
-154
6
10
-37
-20
-1
24
19
10
121
24
128
0
-31
-90
80
19
-68
5
-36
-35
-5
-25
0
-101
97
29
1
-144
-21
-99
42
40
-6
155
-5
-26
-49
43
17
98
153
10
28
7
-95
13
-48
-79
52
2
-9
-6
-16
0
85
133
-116
33
0
-19
0
-48
0
0
55
91
0
-15
-81
0
-22
-8
-83
-38
-34
0
33
8
132
6
-23
-14
72
66
-31
-10
58
-52
0
102
-91
-4
103
-19
-26
-9
21
52
-12
0
0
4
41
-31
33
-111
135
-113
-37
94
21
-138
-61
14
-98
59
-12
-129
15
131
4
-3
-14
-26
100
-13
-25
27
0
8
-106
-4
70
6
2
10
-96
-73
118
14
-53
0
45
50
-157
9
45
-89
38
158
-23
-34
-3
18
-31
-40
-105
19
-12
0
0
-147
5
-104
-24
2
148
69
-43
135
33
15
43
6
18
3
-13
-112
9
78
60
39
-92
36
-3
-22
-1
53
89
90
-11
0
-3
-27
-144
-77
1
4
4
-15
34
-4
17
107
0
-27
20
76
0
-6
-56
-54
103
74
29
-126
24
8
42
0
-40
-46
23
-115
-19
-149
2
24
-22
-127
7
-36
-8
74
-12
-20
-105
18
-7
0
0
0
0
10
-156
23
36
-32
-41
6
-78
-22
2
42
-46
-61
50
-87
-9
1
-15
45
-30
19
-6
-28
63
113
-11
0
-18
8
-7
-30
125
-56
112
-27
-108
8
59
-114
128
44
-101
-10
-20
-151
2
-108
0
0
28
18
30
24
-76
0
-62
21
18
28
0
-39
-22
-60
158
48
26
-25
-12
-67
-12
-40
-15
5
46
3
2
-8
-25
-7
2
-136
-83
-21
-51
11
-5
-10
-13
-11
58
-12
-23
