This is the list of TLS for small instances generated using the code by Prof Ryann Cartor
2:[0, 0]
3:[0, 0, 0]
4:[0, 0, 0, 0]
5:[0, 0, 0, 0, 0]
6:[0, 0, 0, 0, 0, 0]
11:[0, 0, 0, 0, 0, 0, 0, 0, 0, 0, 0]
21:[0, 0, 0, 0, 0, 0, 0, 0, 0, 0, 0, 0, 0, 0, 0, 0, 0, 0, 0, 0, 0]
42:[0, 1, 2, 3, 4, 5, 6, 7, 8, 9, 10, 11, 12, 13, 14, 15, 16, 17, 18, 19, 20, 21, 22, 23, 24, 25, 26, 27, 65494, 65495, 65496, 65497, 65498, 65499, 65500, 65501, 65502, 65503, 65504, 65505, 65506, 65507, 65508, 65509, 65510, 65511, 65512, 65513, 65514, 65515, 65516, 65517, 65518, 65519, 65520]
83:[0, 1, 2, 3, 4, 5, 6, 7, 8, 9, 10, 11, 12, 13, 14, 15, 16, 17, 18, 19, 20, 21, 22, 23, 24, 25, 26, 27, 28, 29, 30, 31, 32, 33, 34, 35, 36, 37, 38, 39, 40, 41, 42, 43, 44, 45, 46, 47, 48, 49, 50, 51, 52, 53, 54, 55, 56, 57, 58, 59, 65462, 65463, 65464, 65465, 65466, 65467, 65468, 65469, 65470, 65471, 65472, 65473, 65474, 65475, 65476, 65477, 65478, 65479, 65480, 65481, 65482, 65483, 65484, 65485, 65486, 65487, 65488, 65489, 65490, 65491, 65492, 65493, 65494, 65495, 65496, 65497, 65498, 65499, 65500, 65501, 65502, 65503, 65504, 65505, 65506, 65507, 65508, 65509, 65510, 65511, 65512, 65513, 65514, 65515, 65516, 65517, 65518, 65519, 65520]
165:[0, 1, 2, 3, 4, 5, 6, 7, 8, 9, 10, 11, 12, 13, 14, 15, 16, 17, 18, 19, 20, 21, 22, 23, 24, 25, 26, 27, 28, 29, 30, 31, 32, 33, 34, 35, 36, 37, 38, 39, 40, 41, 42, 43, 44, 45, 46, 47, 48, 49, 50, 51, 52, 53, 54, 55, 56, 57, 58, 59, 60, 61, 62, 63, 64, 65, 66, 67, 68, 69, 70, 71, 72, 73, 74, 75, 76, 77, 78, 79, 80, 81, 82, 83, 84, 85, 86, 87, 88, 89, 90, 91, 65430, 65431, 65432, 65433, 65434, 65435, 65436, 65437, 65438, 65439, 65440, 65441, 65442, 65443, 65444, 65445, 65446, 65447, 65448, 65449, 65450, 65451, 65452, 65453, 65454, 65455, 65456, 65457, 65458, 65459, 65460, 65461, 65462, 65463, 65464, 65465, 65466, 65467, 65468, 65469, 65470, 65471, 65472, 65473, 65474, 65475, 65476, 65477, 65478, 65479, 65480, 65481, 65482, 65483, 65484, 65485, 65486, 65487, 65488, 65489, 65490, 65491, 65492, 65493, 65494, 65495, 65496, 65497, 65498, 65499, 65500, 65501, 65502, 65503, 65504, 65505, 65506, 65507, 65508, 65509, 65510, 65511, 65512, 65513, 65514, 65515, 65516, 65517, 65518, 65519, 65520]
331:[0, 0, 0, 1, 1, 1, 2, 2, 2, 3, 3, 3, 4, 4, 4, 5, 5, 5, 6, 6, 6, 7, 7, 7, 8, 8, 9, 9, 10, 10, 11, 11, 12, 12, 13, 13, 14, 14, 15, 15, 16, 16, 17, 17, 18, 18, 19, 19, 20, 20, 21, 21, 22, 22, 23, 23, 24, 24, 25, 25, 26, 26, 27, 28, 29, 30, 31, 32, 33, 34, 35, 36, 37, 38, 39, 40, 41, 42, 43, 44, 45, 46, 47, 48, 49, 50, 51, 52, 53, 54, 55, 56, 57, 58, 59, 60, 61, 62, 63, 64, 65, 66, 67, 68, 69, 70, 71, 72, 73, 74, 75, 76, 77, 78, 79, 80, 81, 82, 83, 84, 85, 86, 87, 88, 89, 90, 91, 92, 93, 94, 95, 96, 97, 98, 99, 100, 101, 102, 103, 104, 105, 106, 107, 108, 109, 110, 111, 112, 113, 114, 115, 116, 117, 118, 119, 120, 121, 122, 123, 124, 65397, 65398, 65399, 65400, 65401, 65402, 65403, 65404, 65405, 65406, 65407, 65408, 65409, 65410, 65411, 65412, 65413, 65414, 65415, 65416, 65417, 65418, 65419, 65420, 65421, 65422, 65423, 65424, 65425, 65426, 65427, 65428, 65429, 65430, 65431, 65432, 65433, 65434, 65435, 65436, 65437, 65438, 65439, 65440, 65441, 65442, 65443, 65444, 65445, 65446, 65447, 65448, 65449, 65450, 65451, 65452, 65453, 65454, 65455, 65456, 65457, 65458, 65459, 65460, 65461, 65462, 65463, 65464, 65465, 65466, 65467, 65468, 65469, 65470, 65471, 65472, 65473, 65474, 65475, 65476, 65477, 65478, 65479, 65480, 65481, 65482, 65483, 65484, 65485, 65486, 65487, 65488, 65489, 65490, 65491, 65492, 65493, 65494, 65495, 65495, 65496, 65496, 65497, 65497, 65498, 65498, 65499, 65499, 65500, 65500, 65501, 65501, 65502, 65502, 65503, 65503, 65504, 65504, 65505, 65505, 65506, 65506, 65507, 65507, 65508, 65508, 65509, 65509, 65510, 65510, 65511, 65511, 65512, 65512, 65513, 65513, 65514, 65514, 65514, 65515, 65515, 65515, 65516, 65516, 65516, 65517, 65517, 65517, 65518, 65518, 65518, 65519, 65519, 65519, 65520, 65520, 65520, 0, 0, 0, 0, 0, 0, 0, 0, 0, 0, 0, 0, 0, 0]
659:[0, 0, 0, 0, 0, 0, 1, 1, 1, 1, 1, 1, 2, 2, 2, 2, 2, 2, 3, 3, 3, 3, 3, 3, 4, 4, 4, 4, 4, 4, 5, 5, 5, 5, 5, 5, 6, 6, 6, 6, 6, 6, 7, 7, 7, 7, 7, 7, 8, 8, 8, 8, 8, 9, 9, 9, 9, 9, 10, 10, 10, 10, 10, 11, 11, 11, 11, 11, 12, 12, 12, 12, 12, 13, 13, 13, 13, 13, 14, 14, 14, 14, 14, 15, 15, 15, 15, 15, 16, 16, 16, 16, 17, 17, 17, 17, 18, 18, 18, 18, 19, 19, 19, 19, 20, 20, 20, 20, 21, 21, 21, 21, 22, 22, 22, 22, 23, 23, 23, 23, 24, 24, 24, 24, 25, 25, 25, 25, 26, 26, 26, 26, 27, 27, 27, 28, 28, 28, 29, 29, 29, 30, 30, 30, 31, 31, 31, 32, 32, 32, 33, 33, 33, 34, 34, 34, 35, 35, 35, 36, 36, 36, 37, 37, 37, 38, 38, 38, 39, 39, 39, 40, 40, 41, 41, 42, 42, 43, 43, 44, 44, 45, 45, 46, 46, 47, 47, 48, 48, 49, 49, 50, 50, 51, 51, 52, 52, 53, 53, 54, 54, 55, 55, 56, 56, 57, 57, 58, 58, 59, 60, 61, 62, 63, 64, 65, 66, 67, 68, 69, 70, 71, 72, 73, 74, 75, 76, 77, 78, 79, 80, 81, 82, 83, 84, 85, 86, 87, 88, 89, 90, 91, 92, 93, 94, 95, 96, 97, 98, 99, 100, 101, 102, 103, 104, 105, 106, 107, 108, 109, 110, 111, 112, 113, 114, 115, 116, 117, 118, 119, 120, 121, 122, 123, 124, 125, 126, 127, 128, 129, 130, 131, 132, 133, 134, 135, 136, 137, 138, 139, 140, 141, 142, 143, 144, 145, 146, 147, 148, 149, 150, 151, 152, 153, 154, 155, 156, 65365, 65366, 65367, 65368, 65369, 65370, 65371, 65372, 65373, 65374, 65375, 65376, 65377, 65378, 65379, 65380, 65381, 65382, 65383, 65384, 65385, 65386, 65387, 65388, 65389, 65390, 65391, 65392, 65393, 65394, 65395, 65396, 65397, 65398, 65399, 65400, 65401, 65402, 65403, 65404, 65405, 65406, 65407, 65408, 65409, 65410, 65411, 65412, 65413, 65414, 65415, 65416, 65417, 65418, 65419, 65420, 65421, 65422, 65423, 65424, 65425, 65426, 65427, 65428, 65429, 65430, 65431, 65432, 65433, 65434, 65435, 65436, 65437, 65438, 65439, 65440, 65441, 65442, 65443, 65444, 65445, 65446, 65447, 65448, 65449, 65450, 65451, 65452, 65453, 65454, 65455, 65456, 65457, 65458, 65459, 65460, 65461, 65462, 65463, 65463, 65464, 65464, 65465, 65465, 65466, 65466, 65467, 65467, 65468, 65468, 65469, 65469, 65470, 65470, 65471, 65471, 65472, 65472, 65473, 65473, 65474, 65474, 65475, 65475, 65476, 65476, 65477, 65477, 65478, 65478, 65479, 65479, 65480, 65480, 65481, 65481, 65482, 65482, 65482, 65483, 65483, 65483, 65484, 65484, 65484, 65485, 65485, 65485, 65486, 65486, 65486, 65487, 65487, 65487, 65488, 65488, 65488, 65489, 65489, 65489, 65490, 65490, 65490, 65491, 65491, 65491, 65492, 65492, 65492, 65493, 65493, 65493, 65494, 65494, 65494, 65495, 65495, 65495, 65495, 65496, 65496, 65496, 65496, 65497, 65497, 65497, 65497, 65498, 65498, 65498, 65498, 65499, 65499, 65499, 65499, 65500, 65500, 65500, 65500, 65501, 65501, 65501, 65501, 65502, 65502, 65502, 65502, 65503, 65503, 65503, 65503, 65504, 65504, 65504, 65504, 65505, 65505, 65505, 65505, 65506, 65506, 65506, 65506, 65506, 65507, 65507, 65507, 65507, 65507, 65508, 65508, 65508, 65508, 65508, 65509, 65509, 65509, 65509, 65509, 65510, 65510, 65510, 65510, 65510, 65511, 65511, 65511, 65511, 65511, 65512, 65512, 65512, 65512, 65512, 65513, 65513, 65513, 65513, 65513, 65514, 65514, 65514, 65514, 65514, 65514, 65515, 65515, 65515, 65515, 65515, 65515, 65516, 65516, 65516, 65516, 65516, 65516, 65517, 65517, 65517, 65517, 65517, 65517, 65518, 65518, 65518, 65518, 65518, 65518, 65519, 65519, 65519, 65519, 65519, 65519, 65520, 65520, 65520, 65520, 65520, 65520, 0, 0, 0, 0, 0, 0, 0, 0, 0, 0, 0, 0, 0, 0, 0, 0, 0, 0, 0, 0, 0, 0, 0, 0, 0, 0, 0, 0, 0, 0, 0, 0, 0, 0, 0, 0, 0, 0, 0, 0, 0, 0, 0, 0, 0, 0, 0, 0, 0, 0, 0]
991:[0, 0, 0, 0, 0, 0, 0, 0, 0, 0, 1, 1, 1, 1, 1, 1, 1, 1, 1, 1, 2, 2, 2, 2, 2, 2, 2, 2, 2, 2, 3, 3, 3, 3, 3, 3, 3, 3, 3, 4, 4, 4, 4, 4, 4, 4, 4, 4, 5, 5, 5, 5, 5, 5, 5, 5, 5, 6, 6, 6, 6, 6, 6, 6, 6, 6, 7, 7, 7, 7, 7, 7, 7, 7, 7, 8, 8, 8, 8, 8, 8, 8, 8, 9, 9, 9, 9, 9, 9, 9, 9, 10, 10, 10, 10, 10, 10, 10, 10, 11, 11, 11, 11, 11, 11, 11, 11, 12, 12, 12, 12, 12, 12, 12, 12, 13, 13, 13, 13, 13, 13, 13, 14, 14, 14, 14, 14, 14, 14, 15, 15, 15, 15, 15, 15, 15, 16, 16, 16, 16, 16, 16, 16, 17, 17, 17, 17, 17, 17, 17, 18, 18, 18, 18, 18, 18, 18, 19, 19, 19, 19, 19, 19, 19, 20, 20, 20, 20, 20, 20, 21, 21, 21, 21, 21, 21, 22, 22, 22, 22, 22, 22, 23, 23, 23, 23, 23, 23, 24, 24, 24, 24, 24, 24, 25, 25, 25, 25, 25, 25, 26, 26, 26, 26, 26, 26, 27, 27, 27, 27, 27, 28, 28, 28, 28, 28, 29, 29, 29, 29, 29, 30, 30, 30, 30, 30, 31, 31, 31, 31, 31, 32, 32, 32, 32, 32, 33, 33, 33, 33, 33, 34, 34, 34, 34, 34, 35, 35, 35, 35, 35, 36, 36, 36, 36, 37, 37, 37, 37, 38, 38, 38, 38, 39, 39, 39, 39, 40, 40, 40, 40, 41, 41, 41, 41, 42, 42, 42, 42, 43, 43, 43, 43, 44, 44, 44, 44, 45, 45, 45, 45, 46, 46, 46, 47, 47, 47, 48, 48, 48, 49, 49, 49, 50, 50, 50, 51, 51, 51, 52, 52, 52, 53, 53, 53, 54, 54, 54, 55, 55, 55, 56, 56, 56, 57, 57, 57, 58, 58, 58, 59, 59, 59, 60, 60, 61, 61, 62, 62, 63, 63, 64, 64, 65, 65, 66, 66, 67, 67, 68, 68, 69, 69, 70, 70, 71, 71, 72, 72, 73, 73, 74, 74, 75, 75, 76, 76, 77, 77, 78, 78, 79, 80, 81, 82, 83, 84, 85, 86, 87, 88, 89, 90, 91, 92, 93, 94, 95, 96, 97, 98, 99, 100, 101, 102, 103, 104, 105, 106, 107, 108, 109, 110, 111, 112, 113, 114, 115, 116, 117, 118, 119, 120, 121, 122, 123, 124, 125, 126, 127, 128, 129, 130, 131, 132, 133, 134, 135, 136, 137, 138, 139, 140, 141, 142, 143, 144, 145, 146, 147, 148, 149, 150, 151, 152, 153, 154, 155, 156, 157, 158, 159, 160, 161, 162, 163, 164, 165, 166, 167, 168, 169, 170, 171, 172, 173, 174, 175, 176, 65345, 65346, 65347, 65348, 65349, 65350, 65351, 65352, 65353, 65354, 65355, 65356, 65357, 65358, 65359, 65360, 65361, 65362, 65363, 65364, 65365, 65366, 65367, 65368, 65369, 65370, 65371, 65372, 65373, 65374, 65375, 65376, 65377, 65378, 65379, 65380, 65381, 65382, 65383, 65384, 65385, 65386, 65387, 65388, 65389, 65390, 65391, 65392, 65393, 65394, 65395, 65396, 65397, 65398, 65399, 65400, 65401, 65402, 65403, 65404, 65405, 65406, 65407, 65408, 65409, 65410, 65411, 65412, 65413, 65414, 65415, 65416, 65417, 65418, 65419, 65420, 65421, 65422, 65423, 65424, 65425, 65426, 65427, 65428, 65429, 65430, 65431, 65432, 65433, 65434, 65435, 65436, 65437, 65438, 65439, 65440, 65441, 65442, 65443, 65443, 65444, 65444, 65445, 65445, 65446, 65446, 65447, 65447, 65448, 65448, 65449, 65449, 65450, 65450, 65451, 65451, 65452, 65452, 65453, 65453, 65454, 65454, 65455, 65455, 65456, 65456, 65457, 65457, 65458, 65458, 65459, 65459, 65460, 65460, 65461, 65461, 65462, 65462, 65462, 65463, 65463, 65463, 65464, 65464, 65464, 65465, 65465, 65465, 65466, 65466, 65466, 65467, 65467, 65467, 65468, 65468, 65468, 65469, 65469, 65469, 65470, 65470, 65470, 65471, 65471, 65471, 65472, 65472, 65472, 65473, 65473, 65473, 65474, 65474, 65474, 65475, 65475, 65475, 65476, 65476, 65476, 65476, 65477, 65477, 65477, 65477, 65478, 65478, 65478, 65478, 65479, 65479, 65479, 65479, 65480, 65480, 65480, 65480, 65481, 65481, 65481, 65481, 65482, 65482, 65482, 65482, 65483, 65483, 65483, 65483, 65484, 65484, 65484, 65484, 65485, 65485, 65485, 65485, 65486, 65486, 65486, 65486, 65486, 65487, 65487, 65487, 65487, 65487, 65488, 65488, 65488, 65488, 65488, 65489, 65489, 65489, 65489, 65489, 65490, 65490, 65490, 65490, 65490, 65491, 65491, 65491, 65491, 65491, 65492, 65492, 65492, 65492, 65492, 65493, 65493, 65493, 65493, 65493, 65494, 65494, 65494, 65494, 65494, 65495, 65495, 65495, 65495, 65495, 65495, 65496, 65496, 65496, 65496, 65496, 65496, 65497, 65497, 65497, 65497, 65497, 65497, 65498, 65498, 65498, 65498, 65498, 65498, 65499, 65499, 65499, 65499, 65499, 65499, 65500, 65500, 65500, 65500, 65500, 65500, 65501, 65501, 65501, 65501, 65501, 65501, 65502, 65502, 65502, 65502, 65502, 65502, 65502, 65503, 65503, 65503, 65503, 65503, 65503, 65503, 65504, 65504, 65504, 65504, 65504, 65504, 65504, 65505, 65505, 65505, 65505, 65505, 65505, 65505, 65506, 65506, 65506, 65506, 65506, 65506, 65506, 65507, 65507, 65507, 65507, 65507, 65507, 65507, 65508, 65508, 65508, 65508, 65508, 65508, 65508, 65509, 65509, 65509, 65509, 65509, 65509, 65509, 65509, 65510, 65510, 65510, 65510, 65510, 65510, 65510, 65510, 65511, 65511, 65511, 65511, 65511, 65511, 65511, 65511, 65512, 65512, 65512, 65512, 65512, 65512, 65512, 65512, 65513, 65513, 65513, 65513, 65513, 65513, 65513, 65513, 65514, 65514, 65514, 65514, 65514, 65514, 65514, 65514, 65514, 65515, 65515, 65515, 65515, 65515, 65515, 65515, 65515, 65515, 65516, 65516, 65516, 65516, 65516, 65516, 65516, 65516, 65516, 65517, 65517, 65517, 65517, 65517, 65517, 65517, 65517, 65517, 65518, 65518, 65518, 65518, 65518, 65518, 65518, 65518, 65518, 65519, 65519, 65519, 65519, 65519, 65519, 65519, 65519, 65519, 65519, 65520, 65520, 65520, 65520, 65520, 65520, 65520, 65520, 65520, 65520, 0, 0, 0, 0, 0, 0, 0, 0, 0, 0, 0, 0, 0, 0, 0, 0, 0, 0, 0, 0, 0, 0, 0, 0, 0, 0, 0, 0, 0, 0, 0, 0, 0, 0, 0, 0, 0, 0, 0, 0, 0, 0, 0, 0, 0, 0, 0, 0, 0, 0, 0, 0, 0, 0, 0, 0, 0, 0, 0, 0, 0, 0, 0]
1319:[0, 0, 0, 0, 0, 0, 0, 0, 0, 0, 0, 0, 0, 0, 1, 1, 1, 1, 1, 1, 1, 1, 1, 1, 1, 1, 1, 2, 2, 2, 2, 2, 2, 2, 2, 2, 2, 2, 2, 2, 3, 3, 3, 3, 3, 3, 3, 3, 3, 3, 3, 3, 3, 4, 4, 4, 4, 4, 4, 4, 4, 4, 4, 4, 4, 5, 5, 5, 5, 5, 5, 5, 5, 5, 5, 5, 5, 6, 6, 6, 6, 6, 6, 6, 6, 6, 6, 6, 6, 7, 7, 7, 7, 7, 7, 7, 7, 7, 7, 7, 7, 8, 8, 8, 8, 8, 8, 8, 8, 8, 8, 8, 9, 9, 9, 9, 9, 9, 9, 9, 9, 9, 9, 10, 10, 10, 10, 10, 10, 10, 10, 10, 10, 10, 11, 11, 11, 11, 11, 11, 11, 11, 11, 11, 11, 12, 12, 12, 12, 12, 12, 12, 12, 12, 12, 13, 13, 13, 13, 13, 13, 13, 13, 13, 13, 14, 14, 14, 14, 14, 14, 14, 14, 14, 14, 15, 15, 15, 15, 15, 15, 15, 15, 15, 15, 16, 16, 16, 16, 16, 16, 16, 16, 16, 17, 17, 17, 17, 17, 17, 17, 17, 17, 18, 18, 18, 18, 18, 18, 18, 18, 18, 19, 19, 19, 19, 19, 19, 19, 19, 19, 20, 20, 20, 20, 20, 20, 20, 20, 20, 21, 21, 21, 21, 21, 21, 21, 21, 22, 22, 22, 22, 22, 22, 22, 22, 23, 23, 23, 23, 23, 23, 23, 23, 24, 24, 24, 24, 24, 24, 24, 24, 25, 25, 25, 25, 25, 25, 25, 25, 26, 26, 26, 26, 26, 26, 26, 26, 27, 27, 27, 27, 27, 27, 27, 28, 28, 28, 28, 28, 28, 28, 29, 29, 29, 29, 29, 29, 29, 30, 30, 30, 30, 30, 30, 30, 31, 31, 31, 31, 31, 31, 31, 32, 32, 32, 32, 32, 32, 32, 33, 33, 33, 33, 33, 33, 34, 34, 34, 34, 34, 34, 35, 35, 35, 35, 35, 35, 36, 36, 36, 36, 36, 36, 37, 37, 37, 37, 37, 37, 38, 38, 38, 38, 38, 38, 39, 39, 39, 39, 39, 39, 40, 40, 40, 40, 40, 41, 41, 41, 41, 41, 42, 42, 42, 42, 42, 43, 43, 43, 43, 43, 44, 44, 44, 44, 44, 45, 45, 45, 45, 45, 46, 46, 46, 46, 46, 47, 47, 47, 47, 47, 48, 48, 48, 48, 48, 49, 49, 49, 49, 50, 50, 50, 50, 51, 51, 51, 51, 52, 52, 52, 52, 53, 53, 53, 53, 54, 54, 54, 54, 55, 55, 55, 55, 56, 56, 56, 56, 57, 57, 57, 57, 58, 58, 58, 58, 59, 59, 59, 59, 60, 60, 60, 61, 61, 61, 62, 62, 62, 63, 63, 63, 64, 64, 64, 65, 65, 65, 66, 66, 66, 67, 67, 67, 68, 68, 68, 69, 69, 69, 70, 70, 70, 71, 71, 71, 72, 72, 72, 73, 73, 74, 74, 75, 75, 76, 76, 77, 77, 78, 78, 79, 79, 80, 80, 81, 81, 82, 82, 83, 83, 84, 84, 85, 85, 86, 86, 87, 87, 88, 88, 89, 89, 90, 90, 91, 91, 92, 93, 94, 95, 96, 97, 98, 99, 100, 101, 102, 103, 104, 105, 106, 107, 108, 109, 110, 111, 112, 113, 114, 115, 116, 117, 118, 119, 120, 121, 122, 123, 124, 125, 126, 127, 128, 129, 130, 131, 132, 133, 134, 135, 136, 137, 138, 139, 140, 141, 142, 143, 144, 145, 146, 147, 148, 149, 150, 151, 152, 153, 154, 155, 156, 157, 158, 159, 160, 161, 162, 163, 164, 165, 166, 167, 168, 169, 170, 171, 172, 173, 174, 175, 176, 177, 178, 179, 180, 181, 182, 183, 184, 185, 186, 187, 188, 189, 65332, 65333, 65334, 65335, 65336, 65337, 65338, 65339, 65340, 65341, 65342, 65343, 65344, 65345, 65346, 65347, 65348, 65349, 65350, 65351, 65352, 65353, 65354, 65355, 65356, 65357, 65358, 65359, 65360, 65361, 65362, 65363, 65364, 65365, 65366, 65367, 65368, 65369, 65370, 65371, 65372, 65373, 65374, 65375, 65376, 65377, 65378, 65379, 65380, 65381, 65382, 65383, 65384, 65385, 65386, 65387, 65388, 65389, 65390, 65391, 65392, 65393, 65394, 65395, 65396, 65397, 65398, 65399, 65400, 65401, 65402, 65403, 65404, 65405, 65406, 65407, 65408, 65409, 65410, 65411, 65412, 65413, 65414, 65415, 65416, 65417, 65418, 65419, 65420, 65421, 65422, 65423, 65424, 65425, 65426, 65427, 65428, 65429, 65430, 65430, 65431, 65431, 65432, 65432, 65433, 65433, 65434, 65434, 65435, 65435, 65436, 65436, 65437, 65437, 65438, 65438, 65439, 65439, 65440, 65440, 65441, 65441, 65442, 65442, 65443, 65443, 65444, 65444, 65445, 65445, 65446, 65446, 65447, 65447, 65448, 65448, 65449, 65449, 65449, 65450, 65450, 65450, 65451, 65451, 65451, 65452, 65452, 65452, 65453, 65453, 65453, 65454, 65454, 65454, 65455, 65455, 65455, 65456, 65456, 65456, 65457, 65457, 65457, 65458, 65458, 65458, 65459, 65459, 65459, 65460, 65460, 65460, 65461, 65461, 65461, 65462, 65462, 65462, 65462, 65463, 65463, 65463, 65463, 65464, 65464, 65464, 65464, 65465, 65465, 65465, 65465, 65466, 65466, 65466, 65466, 65467, 65467, 65467, 65467, 65468, 65468, 65468, 65468, 65469, 65469, 65469, 65469, 65470, 65470, 65470, 65470, 65471, 65471, 65471, 65471, 65472, 65472, 65472, 65472, 65473, 65473, 65473, 65473, 65473, 65474, 65474, 65474, 65474, 65474, 65475, 65475, 65475, 65475, 65475, 65476, 65476, 65476, 65476, 65476, 65477, 65477, 65477, 65477, 65477, 65478, 65478, 65478, 65478, 65478, 65479, 65479, 65479, 65479, 65479, 65480, 65480, 65480, 65480, 65480, 65481, 65481, 65481, 65481, 65481, 65482, 65482, 65482, 65482, 65482, 65482, 65483, 65483, 65483, 65483, 65483, 65483, 65484, 65484, 65484, 65484, 65484, 65484, 65485, 65485, 65485, 65485, 65485, 65485, 65486, 65486, 65486, 65486, 65486, 65486, 65487, 65487, 65487, 65487, 65487, 65487, 65488, 65488, 65488, 65488, 65488, 65488, 65489, 65489, 65489, 65489, 65489, 65489, 65489, 65490, 65490, 65490, 65490, 65490, 65490, 65490, 65491, 65491, 65491, 65491, 65491, 65491, 65491, 65492, 65492, 65492, 65492, 65492, 65492, 65492, 65493, 65493, 65493, 65493, 65493, 65493, 65493, 65494, 65494, 65494, 65494, 65494, 65494, 65494, 65495, 65495, 65495, 65495, 65495, 65495, 65495, 65495, 65496, 65496, 65496, 65496, 65496, 65496, 65496, 65496, 65497, 65497, 65497, 65497, 65497, 65497, 65497, 65497, 65498, 65498, 65498, 65498, 65498, 65498, 65498, 65498, 65499, 65499, 65499, 65499, 65499, 65499, 65499, 65499, 65500, 65500, 65500, 65500, 65500, 65500, 65500, 65500, 65501, 65501, 65501, 65501, 65501, 65501, 65501, 65501, 65501, 65502, 65502, 65502, 65502, 65502, 65502, 65502, 65502, 65502, 65503, 65503, 65503, 65503, 65503, 65503, 65503, 65503, 65503, 65504, 65504, 65504, 65504, 65504, 65504, 65504, 65504, 65504, 65505, 65505, 65505, 65505, 65505, 65505, 65505, 65505, 65505, 65506, 65506, 65506, 65506, 65506, 65506, 65506, 65506, 65506, 65506, 65507, 65507, 65507, 65507, 65507, 65507, 65507, 65507, 65507, 65507, 65508, 65508, 65508, 65508, 65508, 65508, 65508, 65508, 65508, 65508, 65509, 65509, 65509, 65509, 65509, 65509, 65509, 65509, 65509, 65509, 65510, 65510, 65510, 65510, 65510, 65510, 65510, 65510, 65510, 65510, 65510, 65511, 65511, 65511, 65511, 65511, 65511, 65511, 65511, 65511, 65511, 65511, 65512, 65512, 65512, 65512, 65512, 65512, 65512, 65512, 65512, 65512, 65512, 65513, 65513, 65513, 65513, 65513, 65513, 65513, 65513, 65513, 65513, 65513, 65514, 65514, 65514, 65514, 65514, 65514, 65514, 65514, 65514, 65514, 65514, 65514, 65515, 65515, 65515, 65515, 65515, 65515, 65515, 65515, 65515, 65515, 65515, 65515, 65516, 65516, 65516, 65516, 65516, 65516, 65516, 65516, 65516, 65516, 65516, 65516, 65517, 65517, 65517, 65517, 65517, 65517, 65517, 65517, 65517, 65517, 65517, 65517, 65518, 65518, 65518, 65518, 65518, 65518, 65518, 65518, 65518, 65518, 65518, 65518, 65518, 65519, 65519, 65519, 65519, 65519, 65519, 65519, 65519, 65519, 65519, 65519, 65519, 65519, 65520, 65520, 65520, 65520, 65520, 65520, 65520, 65520, 65520, 65520, 65520, 65520, 65520, 0, 0, 0, 0, 0, 0, 0, 0, 0, 0, 0, 0, 0, 0, 0, 0, 0, 0, 0, 0, 0, 0, 0, 0, 0, 0, 0, 0, 0, 0, 0, 0, 0, 0, 0, 0, 0, 0, 0, 0, 0, 0, 0, 0, 0, 0, 0, 0, 0, 0, 0, 0, 0, 0, 0, 0, 0, 0, 0, 0, 0, 0, 0, 0, 0, 0, 0, 0, 0, 0, 0, 0, 0, 0, 0, 0, 0, 0, 0, 0, 0]
