-98
-13
-45
-79
12
21
10
130
123
147
-8
-6
-8
-109
-92
25
57
-135
-12
-5
16
0
-55
42
64
-28
83
-8
-94
4
148
9
-27
-36
145
0
34
15
67
6
-27
-115
-62
-56
-67
90
0
48
-19
9
0
-51
8
-59
-3
35
-26
-7
64
18
-14
121
88
-87
-18
23
-47
89
51
42
-10
-27
86
-98
124
-31
-10
2
20
-19
95
1
124
90
-53
-17
5
-142
109
-54
150
35
1
131
-7
-4
51
33
-20
28
-15
-19
0
-27
-25
12
-149
11
144
-139
0
0
-77
-121
-138
-69
-3
-99
-28
-133
-132
-72
151
-2
78
-49
46
56
-117
0
38
46
50
63
44
-18
31
-154
32
-116
54
13
0
40
38
20
20
-12
-10
9
-47
134
-12
19
8
0
110
-21
-36
0
-57
-44
21
-112
29
156
-8
26
14
-53
-117
-70
16
-150
-106
-3
24
55
-11
-120
-13
-96
0
5
-152
-43
114
-43
17
105
-149
13
-114
2
6
-12
-25
0
115
7
-49
0
116
-108
-147
57
-20
12
40
0
-26
24
-19
11
-141
16
106
-59
61
87
-133
-17
7
-32
24
22
75
0
-30
-46
36
-153
76
97
101
-47
-128
-49
135
-146
52
-55
-44
0
9
-27
-1
0
-47
33
15
157
-23
-22
-13
152
-111
-41
-53
-26
56
-112
118
-126
131
-30
-143
-22
-129
-16
26
15
4
-15
4
60
-31
7
-77
140
0
23
0
6
-40
43
0
0
-19
8
-63
22
0
96
-37
13
5
-55
-71
-9
24
141
-15
-93
91
-32
-129
50
30
0
-18
-5
-62
4
93
-34
-5
156
-43
-8
-37
-3
-34
-85
105
-82
-158
-127
-33
69
0
100
-39
74
1
33
-2
2
28
14
-54
144
91
-84
-35
10
-20
-119
128
-15
3
0
23
-2
65
10
25
-9
-38
0
4
-22
-6
-9
-1
16
14
0
-85
18
111
-107
-26
7
-13
0
-2
84
37
94
-39
7
4
99
140
-5
-92
3
52
53
1
-30
-44
-6
0
-24
-34
-13
6
8
-3
-2
100
6
-42
0
0
-11
0
0
29
-80
15
5
-8
29
-126
-36
89
-17
-103
104
-10
125
-23
-26
48
-11
16
155
-95
0
9
66
-50
11
0
-24
79
40
-32
-16
-9
35
0
-46
10
-1
86
-14
11
-73
148
14
5
123
45
81
153
132
42
3
24
-12
0
41
29
41
-146
15
15
22
11
139
103
154
57
-81
-29
10
-104
-3
-102
-17
-14
21
1
-11
6
157
-75
33
19
-80
-3
0
70
-88
-2
-58
-38
41
97
127
0
0
155
-130
-21
0
-48
102
-58
-13
-39
-31
151
-143
-30
0
-10
18
-26
-31
-120
-49
-35
-76
-18
-52
142
0
-20
-1
37
60
-137
-23
78
24
0
-13
-2
54
-9
68
-110
29
0
27
-51
38
39
108
-14
19
-18
1
6
113
-37
58
21
3
20
-138
2
-119
0
-32
134
45
-21
7
-36
0
-4
-11
74
101
-72
7
6
36
-21
-32
-125
28
-12
7
48
-5
-136
22
-17
14
-113
17
45
17
7
14
58
-33
52
-22
61
50
-68
34
25
-122
31
34
-107
-39
3
25
-73
23
-82
-25
-37
0
4
5
4
71
35
4
-1
-28
118
56
-83
-2
0
-145
-65
-38
4
-7
-25
122
66
5
-30
-6
0
39
-12
0
-23
0
137
136
-16
-1
158
57
-3
-108
-109
-44
17
-42
-5
-124
44
99
-15
-12
-78
0
0
-85
-5
2
24
9
102
-147
16
114
-122
82
-10
-109
90
0
-2
-37
-18
-57
32
43
-2
25
13
-17
-48
-132
54
-7
0
-24
-26
125
-53
3
16
0
104
34
-4
104
50
0
11
5
55
7
13
-5
-47
-33
31
-5
-49
50
38
9
-119
0
60
-86
-13
-14
0
-150
0
60
6
-27
141
-32
-45
-33
0
124
0
-37
2
-5
49
155
2
1
33
-39
34
38
36
4
0
-1
-15
-29
-12
-46
-87
-52
-15
114
22
-95
41
-47
13
149
-146
-24
8
4
-58
38
-28
36
-130
0
37
-20
0
-8
-7
7
-66
-36
153
65
18
-6
-41
-54
145
-103
-105
20
58
-28
-38
-14
51
-110
10
133
-141
40
46
-6
0
-35
69
0
-52
0
92
-61
127
-27
-92
-6
-57
12
40
107
26
1
-6
96
85
-56
151
30
-88
-1
9
-15
44
72
-10
2
89
3
31
28
-13
87
-44
17
-144
-15
-3
107
-5
-54
-9
81
-148
20
106
-41
12
-80
0
-53
-68
-14
16
-11
0
-127
-40
-135
0
-19
-3
-19
135
133
30
-34
0
-1
52
48
0
36
-140
105
0
131
-75
-18
-22
-6
0
-63
113
0
26
13
-143
29
-76
-39
88
-113
41
11
-13
-37
118
79
36
-9
76
121
11
98
23
-139
8
10
-35
-157
2
-155
3
150
3
148
6
0
112
119
71
-42
-45
-4
0
22
-138
139
-37
-142
26
-2
13
-95
-6
-56
22
-51
108
-121
-18
-16
-5
11
38
21
0
1
-12
59
0
56
-11
-145
-8
22
5
75
25
0
130
-43
-101
129
-57
-39
40
-4
-21
11
-11
63
-3
138
-33
28
2
34
10
-26
-18
-23
-34
7
152
15
-13
115
7
0
153
-9
-147
-23
0
58
58
-12
14
-12
34
-1
37
-111
29
19
56
-10
-25
20
-24
51
17
0
0
7
70
106
22
-123
-35
-15
-151
45
42
0
-55
91
23
-25
-94
-71
-126
126
-1
4
-32
-46
23
128
-12
-27
-35
-17
-55
0
134
4
8
31
0
-30
15
-154
31
0
146
-9
-32
38
-31
-21
-45
0
-61
-77
97
-144
-152
-117
3
-8
-65
-19
29
17
-52
48
-24
-7
101
-8
74
0
-26
12
32
-11
16
128
156
-154
-25
-30
-93
-30
0
6
79
25
-21
142
0
96
66
6
-33
14
-3
-25
50
125
0
53
16
-14
93
-14
-6
-7
89
-62
-23
-100
67
14
5
32
84
4
103
140
39
-15
64
-158
-77
-1
-129
-80
-68
-84
-73
5
-43
97
-22
115
94
-21
29
12
20
-118
-14
-42
134
-91
-49
-28
-16
-83
73
20
-23
18
46
102
137
120
120
21
72
-13
16
48
-116
0
149
132
-31
-17
-55
-110
137
-116
10
-156
43
-2
35
117
-2
143
1
0
-27
-4
7
18
-19
-158
-11
-9
111
22
27
8
-47
10
-98
-25
28
15
2
59
157
39
7
-26
-3
0
29
112
-62
53
19
4
83
18
-86
-78
136
-99
-49
21
-10
9
0
17
19
1
-100
122
123
8
0
90
0
136
0
36
5
39
0
-70
-50
24
-1
-3
82
27
-131
4
51
24
64
4
-14
67
33
-7
0
-69
24
30
20
-74
21
-81
-19
-47
0
-20
8
-6
9
23
10
-54
-35
-26
