-70
8
7
7
-40
156
-6
-15
158
-89
27
-26
0
-30
-117
96
86
-18
32
109
105
-45
-23
-127
19
89
70
3
-140
14
-56
21
63
23
97
33
101
38
-92
-11
144
30
-1
-22
-98
10
-111
21
-20
-52
93
-56
4
12
0
-138
3
72
-154
32
-1
137
0
-155
34
-147
-7
-135
-79
9
-53
-31
2
-78
49
-4
20
13
0
-139
143
51
-136
58
-148
-6
17
116
5
51
-4
-22
-38
54
27
22
0
-9
-126
0
-1
0
-64
-145
151
82
10
0
13
37
6
4
-81
-128
0
-108
0
43
87
36
-21
-39
8
36
8
-4
-2
17
19
-75
83
3
-32
-56
131
7
-9
26
-5
0
93
-24
-8
-102
-140
11
-25
-22
11
49
3
151
-153
-77
-29
-13
110
83
34
10
-9
-133
-42
-150
26
57
54
0
42
14
-29
3
7
153
91
15
-100
35
14
59
-116
-33
-22
0
10
-55
64
5
141
0
-37
-4
-7
-2
-43
14
118
16
0
-19
124
20
-21
20
16
1
-67
-28
-33
-15
-20
-47
11
6
40
-12
-20
-16
-55
134
-26
0
138
0
12
71
58
0
-14
-35
-33
142
-50
0
19
-23
84
-5
124
-18
6
-28
-46
13
-48
11
-3
27
18
-25
-111
-107
-24
10
-35
144
-134
-119
14
-106
128
48
-68
104
37
-57
10
4
36
-123
-3
-3
-24
-135
-12
68
19
-44
17
109
-112
-18
25
130
-2
-10
42
-52
-12
-2
0
-35
-46
143
39
35
-106
-33
-103
-7
-110
-6
5
47
-47
-24
-86
142
73
50
4
94
-74
16
-95
6
-38
31
-51
-7
41
-44
154
50
-42
65
0
6
0
-62
6
-23
-2
-34
9
34
-103
-41
0
-11
-5
76
115
69
0
44
-99
2
55
-13
11
-40
94
-19
-32
-21
-132
18
16
-4
0
46
-29
-8
-23
1
-113
-99
117
0
-25
-123
-45
-17
-51
6
-90
-113
23
-61
55
54
19
-2
-102
33
-43
121
-2
-46
-2
0
0
4
4
25
13
31
17
5
62
29
66
-29
81
-24
-73
-156
6
-152
59
-11
0
-15
53
5
-17
-41
-125
-14
-34
60
-78
30
-104
115
-15
15
-131
24
-16
13
-35
82
-14
-146
9
-80
9
27
0
9
90
0
-158
-91
22
0
-36
4
-130
-26
28
-3
7
32
127
30
-67
0
-155
31
25
85
10
9
27
-76
2
66
10
-69
-96
-58
8
-125
-54
37
44
-126
-3
-50
150
145
84
133
1
119
-12
-63
0
0
139
57
0
-21
38
12
136
71
0
16
-39
1
0
37
57
8
14
157
36
-1
0
0
-27
11
-15
-45
129
25
-24
18
-23
-147
39
0
-3
30
15
114
12
87
-26
8
11
-80
-13
-26
-114
-97
-40
-18
13
-118
-58
-120
1
122
-112
38
72
22
-61
-14
-26
-24
-5
0
98
-18
12
0
0
19
12
0
137
-95
-108
53
-77
49
-132
-30
-45
152
0
52
-2
-149
-9
23
-36
56
129
157
-20
-48
75
0
149
17
122
25
38
-148
-146
-49
48
0
-16
-79
85
1
100
-3
20
105
0
-7
0
21
-92
-29
65
53
-8
5
101
28
31
17
10
-28
-34
107
1
-22
7
21
-5
-1
15
74
-13
121
120
-39
31
60
-6
0
-88
43
0
7
88
52
47
0
-141
8
-5
37
41
32
28
39
-15
56
41
-78
-12
11
-56
132
-158
-20
-11
0
-42
-74
0
106
56
19
158
7
0
-13
82
9
22
36
26
-59
-13
154
71
151
-6
8
-15
-9
-29
17
7
14
5
-64
45
-6
-155
-57
31
30
-84
105
-15
15
0
-118
24
0
3
14
72
0
-136
10
-10
0
95
122
-10
-49
-33
152
-44
-17
-9
-29
157
4
-18
13
-37
-20
153
0
28
-25
130
-6
-8
-142
-146
23
55
-80
-107
85
-22
109
94
-28
-45
4
-48
-33
-18
-7
-6
108
86
-96
-6
123
15
91
-3
0
-2
-6
124
58
0
-30
26
0
-68
24
-36
0
-93
71
139
40
-112
-2
22
2
150
-4
84
-23
-66
36
-9
-60
-76
-3
156
-46
26
0
14
-19
13
-81
-34
-11
-65
0
113
-2
15
-25
-22
5
-75
-21
0
-3
13
-33
119
32
5
6
-21
39
-129
69
-90
-10
-109
18
-101
-125
21
23
117
27
120
-16
-2
35
24
0
19
-17
-19
0
-19
14
-20
-88
-4
-21
-85
-54
128
153
-29
22
24
0
0
-41
-8
0
0
-55
13
27
4
3
133
-110
-37
-12
-38
-15
-33
112
-72
-16
-40
68
145
32
-7
81
-4
-3
0
-89
-4
58
106
23
0
115
-24
-44
39
-3
-83
138
-59
57
-63
-126
73
120
25
-64
-111
-37
-1
67
-37
22
-35
-32
0
15
-53
14
-27
-19
2
0
-14
-43
12
-52
7
135
-54
-2
0
29
-10
103
-67
-39
3
0
-17
1
-5
-40
-25
-30
93
-9
27
35
22
65
-44
-8
5
-119
8
-96
-27
60
-19
0
-146
-31
20
-4
18
74
-6
-25
-80
107
-10
-29
-17
9
-17
-8
-48
11
-34
82
31
42
4
0
-42
1
51
-79
-4
0
12
-42
-1
102
4
0
46
-38
92
53
148
12
104
-38
25
-43
-3
-30
-17
147
16
-41
7
-10
-1
31
-38
-130
-27
-1
149
-100
53
57
-16
-142
-8
-1
-43
1
-18
66
58
-135
-58
73
-32
-11
-12
3
140
-16
-6
-21
116
124
52
111
98
-9
11
-46
-21
-4
-17
-50
5
0
43
-91
38
-131
0
-2
-21
126
-15
50
0
-18
-48
-77
0
121
143
-49
-133
25
5
-98
-26
-39
2
15
-156
102
52
36
35
-87
9
-10
-36
23
24
157
16
15
-141
-47
-7
40
2
-13
7
117
-99
145
-31
-24
12
1
-8
-26
12
144
-28
139
3
99
-76
-28
-14
-7
70
14
-9
89
62
-11
-148
30
49
-51
-35
-37
105
0
-26
0
-20
-114
16
0
8
1
61
29
121
-6
97
28
-83
143
5
-54
100
31
6
-101
-39
0
-7
-10
50
48
32
0
75
118
-55
123
-127
-50
-11
38
-134
0
1
-2
47
16
25
144
-90
0
128
-149
136
-113
-51
28
-70
-122
-47
-33
-34
0
45
22
23
26
-116
5
152
-14
0
10
-62
-49
-97
-9
5
13
0
-23
24
-11
0
-86
12
-21
0
-8
55
95
-18
-52
0
47
115
-20
34
-77
-12
3
0
-114
0
-131
110
-34
56
138
-19
88
-32
155
78
-125
5
141
-39
-13
7
79
-46
-36
-103
-127
-129
-18
11
35
14
-63
92
-137
0
20
0
2
-137
-6
20
-41
44
94
30
-61
-154
-53
-87
140
0
151
1
57
147
-34
13
-45
-33
69
51
150
37
-23
-5
132
104
-108
-26
-7
134
-54
