9
131
101
37
148
-11
-28
-25
-88
-2
-5
-39
-5
-22
48
-16
37
83
157
78
52
-134
86
-147
-26
10
-7
157
131
-94
-5
-143
-2
38
6
0
-24
4
-62
35
-115
22
-83
-60
5
-23
39
20
53
48
40
-64
45
-13
54
-72
57
0
44
40
4
0
0
-46
53
0
-28
75
20
130
-46
-11
-56
0
55
145
-113
37
32
0
20
57
-77
-23
15
-156
31
106
104
72
-42
-3
0
39
-70
42
0
26
119
0
13
-17
7
-20
-31
18
102
51
-15
-3
61
28
0
49
99
32
34
3
-8
0
0
-113
26
88
44
122
42
-12
3
-119
-14
-2
-18
-24
-135
-62
0
-2
13
-146
-19
-153
-143
-21
61
11
137
15
-96
-105
-1
27
4
1
142
19
-155
-1
84
0
-25
12
13
-2
-16
-1
18
142
132
-127
11
30
-126
10
89
149
0
33
0
-29
77
-48
-80
-25
4
-18
-112
148
0
-41
-82
0
-21
50
81
20
0
-9
-41
-10
124
4
56
-17
43
-74
50
-5
33
-9
0
24
0
68
58
4
-125
0
-133
117
-29
-135
-36
33
15
37
-136
-6
-6
-3
-13
-4
-127
-28
91
-27
16
38
-145
0
-18
115
38
6
-14
63
158
-9
44
73
0
-17
-90
-21
34
-55
112
65
-129
-107
41
25
-63
-64
66
-40
85
6
-154
0
38
0
-40
49
27
1
34
-76
-14
-14
-2
26
-22
95
-17
67
68
11
-12
-8
85
-24
47
-2
-58
-18
-4
10
0
69
0
-36
36
-19
-111
-5
7
-16
-23
13
-153
91
-11
46
116
-59
-22
15
109
111
3
97
136
-26
2
-56
-23
10
60
9
-154
-156
-117
18
-78
26
-6
7
-17
-26
6
15
-31
-100
92
-5
0
-50
3
47
-23
-8
19
7
2
-5
-22
35
123
-138
-16
14
-25
-10
-10
-24
-74
-35
-41
5
103
8
-86
-14
-46
21
71
19
34
0
12
-3
67
17
-66
14
-7
-12
-134
58
-31
-7
-110
53
150
-128
105
-29
24
-12
-21
-114
-137
32
19
2
-140
16
16
45
0
-33
-12
0
10
-24
11
43
23
96
-30
54
37
-39
-1
7
120
-35
0
-124
15
84
-5
31
-8
0
152
21
-51
-21
-100
118
146
93
-11
13
-1
47
-42
-20
-49
-158
-7
56
-4
118
-97
-139
-59
28
2
27
-51
0
8
4
-10
0
71
-103
52
0
0
-101
0
-8
9
16
-80
-6
53
98
-147
1
128
-33
-89
-32
27
22
1
54
-8
140
3
-93
50
152
5
47
-32
24
-45
-15
12
-21
-9
-34
-108
-94
-19
-19
36
-108
-139
138
43
-11
104
144
-55
34
-14
-25
37
0
-9
1
43
-52
-52
-29
-10
129
79
30
102
0
82
-79
151
22
-13
-95
-130
-27
20
0
-36
-150
57
-1
-107
0
49
7
81
-14
-126
-6
-4
15
20
7
-36
13
-33
151
39
4
-23
-73
-75
9
-106
18
-17
-30
-8
-13
23
-120
-149
133
-155
6
51
-54
-144
0
-12
0
0
121
3
-125
15
29
-22
-26
25
-65
-35
57
-39
11
-35
-1
-30
92
121
-141
-58
99
-3
141
98
28
30
70
-9
29
-44
132
0
-7
122
0
123
-2
-87
114
-25
0
31
5
109
-55
-116
0
-45
-3
-76
-17
-48
-69
6
0
12
32
38
0
8
38
6
-110
90
-14
-87
16
-45
-32
78
11
42
5
1
18
53
60
0
-118
-31
31
-23
21
28
-6
30
2
14
-18
67
-137
-112
8
21
87
-63
0
10
0
116
82
134
7
120
94
35
0
-1
-39
24
0
153
0
28
-8
5
-54
101
96
1
49
-12
131
124
-21
34
151
38
-33
39
-27
64
-147
43
82
137
-48
29
-28
75
-6
122
118
19
-11
49
142
-157
39
56
0
14
34
0
109
0
-35
-13
-18
7
0
-115
-37
141
-107
-13
22
-40
1
76
-8
-114
104
3
83
25
-66
-132
-38
36
102
108
-15
57
13
0
0
86
-7
-158
28
48
0
-5
-11
-32
0
8
-44
-46
-22
-157
-98
-5
-101
65
0
121
-2
-33
-57
20
-5
7
-32
152
-4
0
7
0
-3
12
19
0
-4
0
126
19
-18
-12
136
-151
-17
-40
-52
-86
-20
15
129
58
9
0
23
0
12
12
10
5
41
45
-5
-72
91
-45
4
-26
6
43
18
0
-8
-6
5
59
-55
-15
-113
-17
-30
12
58
-26
108
-30
33
1
-12
127
-8
46
-57
6
46
-29
-80
70
-20
14
-79
42
102
34
46
-10
51
-3
-75
-149
-71
7
-11
-73
90
-156
35
95
-153
7
-97
-14
-37
-29
85
14
90
59
127
146
-4
48
24
3
-37
113
-76
-84
-37
-145
-50
-33
0
-32
9
49
9
17
19
37
-158
-15
-26
6
39
2
-2
2
25
-14
-9
0
0
149
-43
-27
-81
-23
-111
5
126
-148
-134
0
9
33
17
-70
-17
36
-56
-36
-142
41
-54
-150
129
97
26
25
120
-18
104
-68
-62
34
93
-2
-3
-30
-7
143
-103
-100
43
22
144
0
77
117
-31
-111
4
138
-19
-148
-114
9
40
-47
0
1
13
0
139
-58
135
-74
-133
-24
124
20
51
154
-61
-4
26
-140
-99
56
91
92
10
-40
11
133
13
19
1
6
14
0
-35
29
5
31
38
89
55
-4
-9
9
-2
8
-12
-128
109
-116
6
1
10
-23
24
-3
55
-47
13
128
60
10
-1
-92
80
30
7
-119
27
10
-62
107
39
-87
85
-125
2
-24
11
-4
130
-110
-37
-4
41
-103
11
105
-27
67
-53
-25
0
-13
-20
-52
-15
0
56
7
29
36
-84
0
3
19
39
89
1
-10
55
-16
9
44
15
-69
-52
-3
41
-68
0
22
-14
-53
-21
-7
27
-13
-117
100
-26
110
-31
18
12
-65
-35
-27
-79
136
-29
-2
-74
-42
0
11
35
0
24
-132
0
-17
-145
6
5
-25
0
81
83
-1
21
-8
0
78
6
4
49
0
0
115
3
11
-10
-23
28
88
-17
13
32
15
-25
-16
2
-66
-34
15
130
34
-2
-150
0
2
1
-16
-154
0
106
0
0
7
21
20
22
-25
69
58
-50
-99
0
-155
-20
54
0
77
54
22
9
155
-15
-25
6
-61
123
-18
21
71
-26
0
-28
50
-16
51
13
8
-94
-147
-31
-98
-16
-139
0
19
44
-12
64
10
-105
33
48
72
0
-143
51
23
-146
-14
-23
-135
123
-4
-156
-106
-63
-8
-32
-122
47
-16
-138
-14
95
-30
-44
21
22
23
17
131
96
38
57
22
4
-47
15
144
0
53
-16
0
-3
-20
-45
52
6
112
-73
119
-140
125
38
121
141
-88
36
0
-11
26
-3
-3
93
42
24
36
-152
-24
38
50
5
