-153
5
-8
73
85
-11
90
-102
-52
11
145
-152
18
49
-50
-84
7
0
-34
-8
-6
30
-106
120
57
-28
7
-8
5
7
40
-60
93
-4
-4
-131
0
-23
0
140
18
157
-92
19
-4
13
31
-110
0
139
-1
1
-8
45
88
105
-5
9
6
-26
146
-131
89
0
21
26
11
38
-2
9
-129
-155
-3
-25
-3
143
98
19
-1
-6
-96
128
-11
-43
16
-5
118
125
-75
0
-123
138
-30
20
-19
-38
-54
-49
80
-149
27
-142
-64
-27
-119
-147
74
-35
-3
0
11
-42
9
49
-127
154
0
55
0
-2
42
-109
-62
-46
56
45
-72
118
-114
2
-40
8
44
-15
-110
0
-51
-8
3
24
55
57
24
-112
-150
148
-12
-91
0
-132
17
-18
-77
-28
-37
23
-79
-8
26
-89
-14
-10
32
120
-22
-23
0
0
-44
71
-14
108
0
7
0
-41
40
25
-31
-22
35
27
-2
4
24
34
48
0
0
-77
-11
0
3
-37
81
1
32
39
0
141
-24
-69
1
-101
15
102
63
-4
0
-155
-11
-23
-113
-158
139
-106
-14
27
119
0
3
9
-39
-36
0
-24
-21
94
15
-21
-14
0
157
-79
-30
-65
-34
-10
54
12
-55
25
14
9
-8
-78
-25
-97
-129
103
-41
-73
134
29
33
0
4
3
91
-3
0
149
-81
-87
-67
-104
13
-90
56
40
-150
-2
0
4
136
0
-50
88
-52
7
29
20
-78
-7
33
26
-8
66
12
26
55
-4
41
10
30
33
0
7
86
-21
-2
25
-151
-128
66
-61
-36
-25
-61
-31
116
-6
35
10
-15
30
12
114
37
-67
112
-47
22
18
25
21
21
-51
156
0
13
15
13
58
0
-5
5
146
-17
-6
105
39
-62
26
37
70
60
135
-134
-21
5
0
25
65
109
11
20
-122
135
-33
22
-42
-27
0
6
-153
-137
154
17
-22
115
57
-34
-115
13
-58
-32
9
-127
-36
1
122
-130
-6
-52
98
48
-53
-107
-147
-12
31
-144
12
117
-39
-74
2
-10
-17
38
5
-76
-20
-6
-16
-6
19
5
-124
-100
36
-20
-68
3
100
72
53
35
22
0
141
6
92
136
99
19
-13
49
-13
-54
82
8
-64
12
-14
48
-28
-29
0
85
0
46
-48
9
-22
10
38
-20
-53
50
-59
-16
96
126
-17
-45
0
-2
-26
-5
19
-7
-53
-2
0
-13
132
121
-56
-38
-34
71
-82
32
-97
-50
152
0
-5
36
0
23
0
19
-11
38
-26
101
-1
51
-126
4
108
-57
0
-54
86
-44
3
47
104
-12
24
143
-111
21
-83
0
133
-30
36
59
75
0
-1
-4
1
142
10
68
17
-140
-95
-84
-10
0
20
9
-3
133
-18
-24
156
0
45
-63
5
-10
14
23
-43
-37
-23
39
-24
-15
15
0
46
2
43
0
123
158
80
-144
107
-7
0
-145
51
33
-16
46
121
29
12
7
94
-29
-3
-56
-10
76
83
117
-1
-111
-2
12
58
6
116
93
-103
-151
18
41
137
0
0
-31
-7
-34
-125
-113
23
0
-16
-37
1
16
-99
-47
0
43
44
28
-9
-27
-148
9
130
95
-33
19
-31
0
-14
17
13
-32
-58
-14
138
-17
-28
-20
16
-2
14
-6
-28
69
-16
-7
35
-47
32
-22
52
-15
124
4
-42
35
87
15
13
-1
39
11
18
4
29
70
-18
15
-7
-100
29
29
0
0
6
-9
146
2
0
80
22
142
-20
-121
0
-97
-25
64
-120
137
148
50
-10
-88
76
-5
55
-147
0
71
18
39
-54
-25
135
10
-100
-3
0
-19
5
-23
-26
-72
-86
27
38
27
-9
-36
31
27
-55
76
-17
-55
22
56
4
-28
45
32
-96
-151
14
52
-4
-38
12
-14
-58
-127
-58
117
82
133
106
13
-91
136
17
54
-35
-105
-16
-30
132
0
111
60
-74
23
-22
57
-63
119
-46
-148
-59
-11
-1
-96
-39
17
18
118
-49
0
46
-40
-143
-41
-67
8
-34
-35
-23
-41
43
15
20
-84
0
34
2
92
0
-53
32
121
6
-2
4
73
-7
35
70
-94
34
-21
79
47
-10
8
-15
-4
122
-14
-15
-18
38
-3
-47
-22
-138
23
98
-146
21
-24
0
-26
15
-10
-36
-124
89
0
0
-31
-9
23
-8
52
58
-77
10
3
-13
-11
141
-101
-87
-11
-128
0
-48
108
-94
-90
-52
-50
5
-11
-2
-1
0
-15
30
-51
42
6
16
-137
-1
62
-113
-29
-79
0
21
18
-5
-103
-42
0
50
32
67
-21
4
-14
6
-44
0
-14
-38
0
-103
0
22
139
-14
7
0
73
-130
101
9
-19
1
-42
1
22
-111
24
12
8
-20
-13
-10
-95
-141
-131
12
-5
0
36
32
19
-33
14
-18
-28
30
-126
92
104
-110
9
-25
43
0
8
88
-33
57
93
107
-39
11
38
20
-152
1
-134
17
-83
-24
-52
4
-20
0
-5
-56
26
-115
-29
-7
158
46
116
-50
-119
14
138
132
140
17
-78
-110
11
49
-31
28
33
84
-23
3
-2
-5
12
4
-22
44
-37
-10
136
-34
-105
-8
-6
114
70
16
-30
33
-6
-6
-15
-75
-106
-144
26
26
9
-153
-35
157
87
63
-36
0
3
24
-12
0
-56
-7
-37
30
34
-4
-10
-5
155
19
-39
81
-10
-108
13
-156
-47
11
-7
-17
0
-135
-43
-68
149
-24
48
-131
-54
-11
-18
-147
-5
0
57
0
-112
-102
158
-19
14
-12
-44
-1
-116
0
-40
27
-16
0
6
107
133
17
3
142
126
25
66
-26
-81
15
114
45
-25
26
69
51
-5
0
0
3
-150
-2
129
-157
83
-28
-19
57
-45
51
-144
54
124
13
34
-10
5
-66
-123
-51
9
-134
-15
30
-33
-127
-4
0
43
98
9
-37
-37
125
150
129
-90
102
-58
-8
20
97
-53
93
-11
82
-3
-12
62
95
-139
-80
-59
-39
-8
0
99
19
77
3
0
8
3
-6
0
-7
2
25
0
14
-91
-13
24
-53
0
-140
37
-72
-16
-2
2
-120
18
27
15
-26
0
28
-11
-104
0
128
37
-4
153
53
0
12
-99
31
-24
55
-71
-49
-2
16
-18
-8
25
-16
9
115
-42
29
-56
-109
-118
22
64
28
85
0
-48
-13
-3
-15
-2
4
0
-29
21
27
112
122
61
117
89
6
12
-41
143
61
25
2
13
154
20
-7
-113
-78
32
109
-32
17
0
-13
0
-123
35
7
-4
9
-86
-151
0
68
-49
39
0
-3
-33
36
21
23
-74
-155
0
-40
-1
-152
1
149
-13
-65
-24
6
85
-36
75
1
35
0
38
-7
-156
-1
-7
31
-7
-46
-31
0
69
0
-47
40
-145
0
-6
48
23
65
-154
-41
44
-1
130
-5
-21
-60
21
-20
-145
125
16
12
-19
-45
