-46
-14
24
109
-4
152
45
-86
34
10
67
-6
37
59
142
5
12
135
-82
8
32
-14
-12
-23
28
39
26
-21
-8
0
32
-38
0
79
47
-3
0
25
4
-31
-6
-11
0
-30
105
4
21
54
-152
-6
-36
13
-7
18
-44
-127
15
82
75
-43
7
-1
49
130
-151
0
28
33
-43
10
148
26
122
13
17
-16
45
-123
-158
29
-29
-49
-1
-20
-61
39
-104
0
-12
42
35
-11
2
127
27
12
26
24
-100
88
-92
115
151
-84
9
-106
-4
-6
-40
-118
-31
60
-26
53
28
73
-7
55
0
0
-85
-134
-11
144
-21
-19
75
150
24
-79
-11
-4
9
0
15
-20
23
-2
8
132
28
7
47
0
90
-110
-62
32
108
-50
33
142
87
0
3
-4
-10
-125
-22
-154
-38
6
-59
0
-9
-68
69
1
0
0
22
34
33
0
-10
-58
0
-109
51
80
103
17
0
-130
-29
-2
153
16
-47
-5
-51
9
5
98
90
155
-18
2
77
-136
-49
-44
0
-16
18
-2
44
58
20
-131
0
-54
15
71
-39
-38
-2
-31
-52
-33
-12
0
-121
21
-16
5
-10
17
-7
-26
-50
-110
131
17
93
42
-56
9
4
27
30
-34
15
-4
16
-18
-11
30
40
-113
10
120
80
-154
134
52
-37
-20
-158
0
-102
-91
3
65
-14
56
121
-32
9
-22
116
-3
52
11
-150
-1
133
40
-88
35
-50
-38
47
-20
-5
24
119
99
71
-8
139
0
1
24
-128
27
3
-39
-37
14
0
68
-41
-97
-30
-9
29
0
-149
-19
-39
27
48
-1
-126
-7
30
17
0
-25
-8
-113
11
0
-42
-135
-140
7
-21
-100
-49
0
15
146
133
-129
62
138
-155
3
-24
-57
0
-126
-8
0
114
24
-13
-58
0
-124
-123
81
137
0
-115
-50
10
-55
-139
23
-95
-25
2
30
87
94
10
-1
-78
-14
-28
18
13
-10
-25
128
-19
76
-1
12
0
29
-97
0
0
9
36
-12
74
58
7
-20
91
25
-23
22
-34
22
27
108
-23
32
-140
-145
18
-37
-31
-56
0
-146
2
96
-5
-103
-4
-4
7
-2
143
0
-74
0
66
31
-6
41
57
14
-81
0
19
14
-132
-3
55
6
-7
-18
16
-63
0
-69
-23
-147
7
-6
-124
-35
6
64
-141
-112
-6
0
36
-70
54
0
0
28
34
-10
37
-23
0
-13
-17
83
-9
19
67
-8
13
120
-111
1
11
-16
92
53
-36
-14
148
46
-42
96
9
-138
-43
-70
12
0
-37
38
-157
153
3
25
21
0
-117
-23
-1
-26
8
-3
11
105
118
12
14
35
72
-57
156
78
21
39
45
-29
101
46
19
4
15
65
83
-16
46
5
76
44
12
-55
56
-7
13
-85
36
18
-2
43
-36
77
27
136
-41
-101
-3
15
-107
0
-20
0
-54
-157
-40
-14
0
-51
0
6
1
38
116
35
-53
-19
-3
-145
89
-21
35
89
-141
0
106
99
-1
-15
53
48
104
-2
33
-3
129
-93
24
5
-11
114
57
6
34
-2
5
86
-122
8
0
137
25
-20
73
48
-4
26
22
48
84
112
13
111
-22
-15
-13
15
31
-117
60
98
-125
5
156
64
63
-94
-13
-26
-66
-5
-22
8
-5
51
107
144
32
-45
17
41
61
0
-52
149
25
-17
147
95
-72
-19
-143
119
33
-102
0
129
-14
-112
41
17
-46
20
0
-9
-16
116
0
45
5
31
-36
-28
65
116
5
14
19
-40
35
2
-20
98
-39
150
-120
18
-2
-24
-56
5
-157
17
2
-67
0
-38
0
2
58
-137
44
26
-68
-75
11
-22
49
-5
-62
143
7
-91
-95
-8
46
-142
4
0
117
158
-12
19
13
19
27
-30
0
-61
76
-40
-118
82
19
19
-152
-32
-5
0
-138
0
-25
-23
16
22
147
12
-151
-74
-90
9
0
-94
37
33
0
-82
-33
-23
10
-33
0
128
2
57
5
32
-35
-11
0
-19
0
51
-7
-5
-5
-153
-46
130
-142
-7
79
-91
2
-14
0
0
106
58
0
151
-124
0
-57
18
-86
17
34
-96
35
-38
-3
-24
-111
-87
84
139
29
-155
-4
4
0
55
-24
7
49
42
-89
-6
131
-25
37
43
-52
31
-157
26
-5
20
-114
16
-7
0
-13
-39
131
148
-56
-15
-146
-52
8
45
4
-147
0
-30
132
-12
0
27
-119
23
69
-6
-13
-27
-101
51
52
108
-154
15
-34
83
8
-20
134
-35
-4
-144
0
2
-65
-3
-77
22
41
21
-107
-1
-50
8
0
-72
29
75
-21
-33
-98
-3
-88
-148
121
73
6
-34
-21
28
-45
2
94
-60
-78
17
-8
0
-26
54
-23
0
83
14
-9
0
13
21
-113
-43
-97
19
-12
127
-26
-150
-1
37
-40
0
-79
36
-6
48
-11
-72
-146
-42
-31
40
133
6
55
36
-53
-92
21
4
30
117
0
10
-128
-58
47
-144
105
0
10
-28
68
0
-12
7
8
47
-43
138
43
12
100
-11
9
-112
27
-140
102
-50
-37
0
13
0
133
-21
92
-10
99
120
-154
-1
-90
0
158
0
125
0
-11
-11
87
37
-71
-37
-4
22
29
-29
-141
55
-1
0
6
24
-17
6
22
5
-14
81
15
-102
-64
30
-7
-135
24
-3
-53
14
-101
23
-39
22
61
-6
-1
-24
-32
67
-80
121
-81
9
-59
12
63
1
-25
14
-80
11
125
-137
-122
-2
-20
-17
2
0
0
-123
145
-48
74
24
14
19
107
-41
-73
-26
136
-15
38
0
-26
96
-93
9
13
-88
49
-62
-77
-155
-28
-42
-27
-8
-46
38
149
97
3
85
123
0
63
36
33
-9
-126
-109
-13
20
0
103
-59
-1
6
-66
127
16
-93
3
47
100
-70
53
-10
0
-15
126
-86
110
-25
32
-69
-24
39
0
25
28
114
10
-9
-3
18
-5
-7
17
8
-71
-25
15
11
-42
5
12
-152
-18
118
4
70
2
-27
13
-89
-7
58
-84
-66
-4
-31
50
16
-113
18
111
4
104
106
-30
8
-156
-124
-30
130
35
-115
-10
-12
18
-9
-39
25
-54
38
26
9
-1
-85
-21
-2
-15
-7
78
104
-54
-153
21
0
41
-15
0
-132
-139
56
20
22
135
6
-4
-52
1
-38
-14
-34
18
51
119
122
6
-149
-7
10
-57
105
32
-25
-45
15
3
3
-64
13
-29
103
134
-54
-4
-109
136
36
-145
-10
48
12
31
-17
44
-16
39
0
-51
141
-14
16
-3
32
-10
99
-1
-18
95
55
-129
-35
48
-56
-44
11
0
-140
-15
-60
0
-28
50
33
29
-1
0
-76
-3
0
7
110
-22
16
31
115
143
-1
47
23
23
13
6
-108
-57
-44
0
-3
-11
-23
8
-36
-53
-49
20
34
-156
26
0
0
-34
