-17
67
-10
-8
-10
-21
53
8
-40
0
-25
-39
31
-108
96
-51
60
-18
-153
117
-16
120
-72
-41
-15
130
2
135
-17
-48
-3
0
-11
-148
27
-11
14
0
32
80
-79
-25
19
100
-81
-35
0
-6
152
149
29
124
1
55
5
-2
2
-35
-19
-58
-31
137
0
113
-7
-11
16
-33
-11
68
-51
50
22
-11
110
125
0
0
-57
-53
4
98
23
0
-153
150
0
-22
-18
16
36
-157
0
55
34
-68
30
110
-38
-17
0
0
-26
-10
25
39
-29
0
-97
-21
-64
34
-32
-48
36
-16
-7
-33
90
3
31
1
39
-55
0
-135
-4
-28
4
-95
2
-13
8
38
115
-43
-7
-143
39
0
19
0
0
2
-4
27
73
-62
75
-41
-34
25
-17
9
6
97
53
-7
-27
-106
18
9
25
-24
16
-46
0
45
127
-6
-61
45
5
-59
-126
-96
88
95
7
9
0
51
-27
1
-30
54
-12
-20
27
-15
-16
-136
-12
-105
50
16
-58
-92
119
33
0
-15
10
32
78
34
17
6
-44
-42
91
63
123
-2
0
-138
-10
-3
-5
-87
-142
8
156
-2
86
-14
0
-77
-22
0
-149
0
-141
0
36
13
-44
-112
-30
-5
-109
26
17
18
0
-9
136
-119
-51
-86
-36
22
-17
-11
0
-56
129
-148
-10
-9
-28
19
-24
26
-9
1
73
-26
-7
38
-35
-94
-13
0
-94
-85
-26
-144
-32
7
0
-99
-9
115
14
147
19
-5
61
-20
-100
21
-144
156
0
-24
5
2
142
-1
2
37
26
1
127
9
-50
0
0
-108
2
-84
-131
-22
82
-30
-7
12
6
14
29
-54
-89
-157
46
57
137
1
-42
-20
125
-36
65
-28
-13
133
-4
37
-39
2
133
-80
-93
-158
29
-12
4
28
-23
-29
-46
-6
13
0
-117
11
1
-141
0
69
6
-42
3
-143
-83
-74
-31
-48
-111
0
14
-14
-12
42
140
-59
-15
-140
-47
-18
52
67
-134
-113
66
-114
18
0
0
-13
-40
-134
-72
-22
-30
63
1
-46
-103
-29
-3
25
-8
33
49
-11
21
-38
-24
24
49
-150
145
52
-5
5
20
2
58
-151
-78
-15
102
123
47
33
128
-13
0
0
10
-90
-40
0
-20
0
-38
-4
65
-23
18
91
-27
49
-37
-40
-128
-81
19
-112
-92
-60
118
24
-55
19
120
-4
12
32
-83
12
7
-130
0
28
36
-45
0
116
0
-47
-82
116
43
-52
-8
-101
44
3
-53
79
37
-70
158
8
-106
11
41
37
12
-102
103
-66
155
15
7
62
-49
5
-121
89
32
126
56
-132
121
0
14
1
0
-1
-21
111
-74
-76
-4
0
38
-21
11
-118
69
54
88
4
34
3
5
-41
26
0
24
-9
24
-19
-98
4
-13
7
64
58
-31
0
-8
13
23
-7
-104
105
-23
-43
20
-31
-71
28
56
-47
-15
20
48
-12
-77
-14
37
6
-155
-85
-34
-57
0
-23
87
-5
-39
16
6
75
26
145
-23
0
4
109
-9
-35
-21
104
-6
-146
-84
139
-15
52
-25
-107
-15
3
-44
-154
-6
-10
-147
-50
57
0
-54
15
14
8
-132
-45
33
-17
124
-3
-76
3
12
10
-20
3
5
-114
-14
70
129
-152
-56
-146
151
139
-30
107
-10
25
71
-6
-35
138
43
-122
93
-8
101
22
13
35
3
-18
-122
0
-1
-154
99
21
-22
23
131
46
0
23
-12
-12
-140
-105
-24
0
1
12
-6
89
-104
43
18
-115
0
6
-23
41
-55
-18
5
30
-98
-12
-13
-7
4
36
-143
-7
68
83
109
41
-4
60
33
0
117
5
-33
-16
63
48
26
-32
44
-17
0
-14
-27
36
-47
5
-40
-106
-10
7
-4
-66
135
53
6
34
-90
24
-21
11
-34
34
-18
-11
-37
-149
-3
-24
-43
89
82
-1
-156
8
125
122
29
-10
8
31
-114
48
0
141
20
23
1
0
3
-3
129
13
-26
9
-90
17
-24
0
65
-84
25
155
-28
30
-116
-127
0
-72
-57
11
-123
87
8
-53
-131
-50
9
-131
29
-47
39
0
0
88
118
153
80
96
0
-37
5
52
0
5
44
-158
-15
99
-94
-106
0
57
-124
-2
-8
-83
10
85
-32
141
0
13
-30
25
31
26
-38
-112
43
15
-95
0
-32
-78
22
55
49
31
-110
-95
-16
-98
0
-1
33
-2
-111
-14
17
51
-34
69
-130
111
60
-67
36
2
-3
-7
86
29
100
15
-23
17
-5
-41
71
-25
62
-84
24
32
-51
-12
157
139
-103
0
-6
27
-13
157
17
77
-81
-65
-19
15
-29
42
152
-120
121
-104
99
-67
-17
31
26
14
-27
1
-2
6
-19
-121
-46
-144
0
-14
21
-150
148
-4
76
-22
-23
-54
-150
94
5
-93
22
-20
0
134
10
-50
24
4
7
151
28
103
-75
-59
-5
-102
-45
-97
-47
-8
132
-23
22
16
144
126
122
-101
0
-2
4
36
-1
-7
0
-123
-42
-13
57
-6
54
54
-14
15
0
-20
-4
-58
-10
0
11
0
7
0
56
-1
-92
73
-25
40
-35
0
128
-68
14
-155
-19
3
26
87
53
0
27
142
126
0
-9
-12
-52
100
22
-16
145
25
-7
38
0
46
-23
21
14
74
-91
-2
-5
-9
17
-51
88
156
-10
-38
-40
15
0
129
2
-80
7
-6
49
-25
51
42
16
-8
-45
-146
-116
-9
-73
-30
-56
15
-8
20
-21
86
-44
139
-1
-3
136
-49
19
17
0
-39
77
11
3
-3
22
-31
2
-138
-61
-11
-143
0
-108
0
0
-110
33
-14
5
-28
-76
-117
-48
53
-3
-38
-93
37
9
-3
-45
-35
-12
-142
-64
146
-151
-152
-70
59
16
-13
92
107
-16
39
-6
37
-6
4
-58
27
-8
4
0
23
-7
-26
108
14
-1
25
-10
64
19
0
-91
-112
-19
61
-9
-21
148
-10
109
-147
71
-28
147
-2
39
5
0
-20
78
154
-4
-44
-138
-37
-1
52
119
102
-18
9
41
-50
7
-9
-81
-56
-49
-12
-14
-124
5
79
26
119
-38
-19
-11
-128
-15
30
0
58
-113
133
-34
74
33
-97
101
21
47
137
-57
-85
13
-140
-27
39
0
50
20
55
-4
11
35
2
-58
25
-18
0
-1
-154
0
15
-7
-158
-20
-1
36
120
18
21
-62
145
-70
-6
-3
32
79
114
31
-6
13
0
-48
0
-22
63
52
9
-21
96
42
72
35
-24
-40
-36
69
-12
-105
-113
149
-10
-82
-153
66
20
6
29
-75
-19
29
18
-37
22
132
-133
0
-127
-11
18
0
55
11
8
-54
-2
0
0
39
0
-43
-35
0
-45
-3
-46
-2
136
-107
10
135
15
12
0
16
-24
28
35
32
-30
-56
118
0
26
-125
4
0
-115
-13
-137
34
28
38
-130
33
-13
8
134
