-23
-131
-22
-26
-12
-16
-157
116
12
-26
3
19
-7
124
-111
-4
156
21
31
-90
111
93
34
-106
23
-20
-20
44
-12
-11
-114
53
26
0
-57
9
14
-3
54
-6
37
27
48
-88
-138
-18
-94
-5
-92
-1
-45
6
2
-49
133
105
-125
15
6
-8
-15
-57
0
39
3
56
86
-15
98
-1
-80
-36
-1
-10
-97
-13
108
45
144
0
40
-95
94
127
0
-21
6
-78
-1
112
-101
8
-68
-141
-14
0
13
-49
19
39
-147
4
-7
-72
22
0
43
6
-147
54
-46
35
25
-5
-120
7
-2
148
-25
-23
-6
-27
-24
-124
16
55
57
89
18
-4
56
20
133
87
-17
109
-15
3
5
-1
-14
3
19
-68
-19
-42
-11
48
2
-15
28
-15
-10
32
16
10
-8
-5
-35
3
66
-125
8
-83
155
-17
0
110
-8
26
79
0
0
130
-115
-131
65
130
34
13
145
3
-6
-11
74
-8
-36
119
0
33
0
-35
74
-143
-50
32
31
-106
89
0
22
141
150
17
-81
-71
50
134
-2
-140
-26
20
81
121
-37
-12
26
-11
5
-119
-7
0
2
158
5
75
22
156
40
-8
10
3
54
52
69
-18
104
5
-11
20
-27
-113
66
-34
58
0
-51
0
28
-24
24
99
-55
-22
152
67
-23
-82
-7
56
-3
58
13
-122
-2
23
-96
-38
36
-28
-30
-140
0
-51
-132
52
-79
-48
23
-150
1
77
33
-18
73
-30
102
153
136
-7
-139
29
-7
6
-138
-5
114
21
46
21
20
38
-18
0
72
90
75
-29
0
-44
58
40
17
0
-30
19
60
31
107
95
-63
0
10
-19
33
0
-64
-142
0
-91
-135
-56
118
0
-70
-27
-71
153
-85
0
80
-148
85
-47
-13
25
-1
0
4
104
24
-6
29
-120
28
11
4
16
54
-103
-36
64
-77
61
48
15
-28
-46
43
105
98
102
41
-14
0
-25
146
-2
113
3
-34
6
-87
0
-121
-29
-143
154
24
18
31
-13
-9
20
-39
-18
-36
14
-38
35
0
-127
4
-67
112
14
-24
-10
-42
8
-144
-126
-5
128
-35
10
-151
118
-157
38
38
40
58
-93
-11
-4
-12
-97
-22
-5
0
70
-83
0
-42
7
-110
-4
25
7
142
-2
47
51
11
-15
-22
-9
53
47
14
-115
-27
-15
-91
34
-62
-9
-4
50
1
43
-152
10
30
5
-20
6
-84
-149
-39
0
9
132
44
-17
-23
-62
-9
-39
-16
-25
-11
-2
12
-137
-26
9
-31
86
0
-3
0
78
1
-123
-59
-59
21
116
-30
45
12
37
15
37
-117
-82
-65
-9
0
-11
73
99
-100
25
21
13
-149
10
-123
-4
22
12
0
-41
-44
129
49
-32
13
13
135
-38
-28
-14
117
-61
-60
0
14
-84
12
-92
0
33
0
1
-128
-100
-107
76
-69
101
33
7
-17
-108
23
-109
31
1
-88
-52
1
2
0
3
29
-25
-139
29
137
-96
-7
76
-16
52
151
37
0
21
-43
18
53
36
0
26
-41
-17
16
155
55
51
-46
32
27
-4
-2
0
-63
-33
-8
-126
136
14
19
24
17
0
2
-55
-50
-30
-9
49
146
-5
103
-24
0
129
47
134
0
16
-6
-8
0
-53
0
158
41
32
0
-32
-12
-145
57
122
9
37
154
0
-45
34
0
-10
0
0
-21
7
0
39
-42
-4
-13
19
-35
-86
-73
58
-32
22
-18
-5
-6
152
-49
73
-1
24
-38
-53
-34
34
33
-2
7
0
-15
10
144
70
5
15
-141
-111
-14
4
30
12
107
-103
64
103
-18
-16
-37
9
-8
-99
-88
-92
-110
-26
-8
39
-10
82
-2
68
60
-147
10
-153
-142
117
-29
18
-40
67
0
21
-95
38
140
10
0
-119
44
0
11
-6
33
7
-12
7
23
10
75
-102
-114
0
77
-13
0
15
-43
-24
106
-49
-27
91
35
0
-12
13
-18
154
19
104
-28
-4
0
25
-31
9
-3
-23
-3
-88
0
-2
54
-91
132
-69
-57
-17
40
-24
28
52
134
-21
17
39
-66
41
-139
7
-28
39
96
4
-47
64
51
-4
17
-57
4
44
-21
-19
32
-29
71
-142
39
-46
104
144
37
-5
-17
55
-21
-50
51
14
-7
40
-100
-46
23
-24
-1
124
-27
77
48
39
-130
-25
9
0
9
1
23
-122
63
5
-20
-25
27
43
123
145
25
15
40
35
28
-121
59
-97
-138
106
-87
-154
7
-97
35
16
53
16
147
-138
-14
-27
-129
145
-52
-2
5
-71
-65
-18
70
-8
-53
152
15
-2
0
31
54
1
-16
26
149
-25
-1
42
-85
120
60
47
-19
0
59
0
17
0
-49
65
-36
0
1
-7
0
-82
-8
2
48
-96
-123
99
0
0
33
112
-126
-148
102
-146
-56
-9
21
10
20
-132
48
-20
41
31
48
0
100
149
111
8
-108
-148
22
-4
-8
117
-86
33
-157
44
0
0
75
-12
122
61
-72
24
0
34
74
0
-11
-139
-35
0
22
-94
-56
46
-20
14
-12
57
-67
133
-18
6
-28
-38
-4
58
130
-22
115
-14
-19
-56
133
-3
-12
81
-68
-4
14
0
-37
-14
-42
0
12
25
79
-101
8
-50
38
-31
6
0
24
0
-92
-62
-131
135
6
6
-35
-22
51
-90
6
-29
-17
-55
-52
-22
3
62
-23
36
-7
2
14
0
11
110
20
29
0
-37
114
16
0
-155
3
31
98
-118
134
121
-112
-6
36
49
26
158
0
-14
150
-32
13
-74
-18
3
61
-32
3
0
151
-6
23
-153
-21
-58
41
-8
54
-30
-11
12
98
0
-4
-24
-76
1
17
-27
39
19
-31
-78
-20
76
10
23
-116
141
-25
135
-84
5
0
0
126
-63
109
-107
13
-7
-34
13
24
-146
-13
21
42
-158
143
55
-124
-115
-93
0
-46
-1
-23
7
-11
28
84
0
-38
-125
-27
-20
-131
-20
-26
-42
-4
-50
15
22
-11
143
1
-6
-7
-2
5
-78
34
5
-30
44
9
-3
56
-93
0
17
36
2
-57
-90
26
43
32
13
-45
-151
95
72
-150
8
-30
-129
127
-22
3
0
16
137
-30
5
-15
13
80
-38
45
36
-13
14
-58
0
-15
137
-4
0
0
12
101
-109
-26
79
9
5
-19
-15
0
-8
37
-34
-5
1
-69
-29
29
-9
-33
-156
-16
-140
-9
0
-5
-155
0
-43
-12
0
36
45
-10
157
54
-85
0
2
19
-11
26
-9
47
87
-128
113
108
19
-89
2
-7
0
-55
25
89
-32
-3
156
11
-18
53
-136
-45
83
-125
81
33
11
120
-6
3
-94
-52
10
-47
118
-113
-128
-4
0
-11
-26
127
-116
1
-83
21
-35
15
13
6
-10
-16
1
0
-2
-37
-41
51
-119
-3
66
0
-136
-80
30
50
105
105
0
