154
79
49
2
15
-132
6
-2
3
0
24
48
-146
136
-24
-21
7
-6
-24
-39
-50
-143
-100
48
-95
-26
-120
-78
33
137
-26
30
-5
-57
150
-12
0
37
1
10
-90
-126
-19
-16
16
-4
-22
-21
8
139
-8
-43
-63
16
0
35
58
-1
-113
25
39
-59
1
12
135
87
-2
-91
-24
-49
-22
0
-3
2
13
-84
-1
14
36
20
31
-112
0
0
-107
-21
20
0
-30
4
64
25
21
0
148
0
33
0
144
10
-20
-31
0
-112
-89
0
0
35
80
-17
-128
-11
102
-61
-30
0
-37
-152
22
-46
-40
-123
-10
19
6
-22
157
-30
-26
0
-23
-126
58
0
7
53
44
-142
3
18
40
-27
30
-3
25
77
54
76
32
129
-17
0
-30
-12
-39
-40
-58
-44
9
45
128
-28
-21
-32
54
-118
120
0
-41
55
125
57
18
-1
4
3
9
27
-88
-3
14
-98
25
-4
2
-12
155
-38
11
94
59
-137
-27
-5
151
-6
15
-10
-9
-20
0
-4
61
39
23
66
8
-5
-15
-2
-115
0
1
121
117
-60
-21
9
-13
-16
74
-28
51
-14
140
-124
0
-5
14
-13
23
-14
-19
127
-33
-57
26
85
-51
143
147
109
34
-3
34
15
34
-52
43
-23
1
-102
13
-49
56
72
141
-119
44
158
-47
-78
5
-33
35
-16
150
-156
114
-40
-17
14
57
70
4
74
-156
-48
4
20
-119
88
20
6
7
-45
-151
6
0
3
27
11
64
5
-12
-13
-2
0
-37
73
7
11
-53
-41
-26
94
103
32
56
9
-50
-6
7
-12
0
43
-96
52
145
-29
3
-149
-28
98
-15
46
-29
-31
-42
-69
37
50
-19
-77
0
-45
-89
7
-13
-28
4
-4
97
-1
121
-1
31
-53
-25
34
0
0
8
-132
0
24
6
-11
-41
7
-127
-131
0
60
14
56
-11
35
-9
-92
106
-110
-28
110
-42
-99
-138
-19
7
17
86
-124
-38
-53
14
11
68
92
18
2
-23
-8
1
0
33
-21
0
-55
32
0
111
-149
106
105
-108
-118
0
-24
122
38
-22
-153
35
-136
0
-107
153
148
-17
-19
-75
-87
-67
17
-7
-5
-14
123
26
36
15
15
52
0
-10
111
29
37
139
-48
-147
-135
2
0
-11
37
-158
-22
-23
-23
-47
24
17
-41
25
12
-130
-33
73
29
-15
2
-9
-36
1
46
144
-83
-8
-8
-8
82
-13
71
-58
39
155
-29
-8
157
-25
-134
-152
-39
105
1
-90
0
-145
133
-6
101
0
0
113
75
114
18
154
131
-3
0
42
0
141
-10
-82
69
0
-25
55
-62
104
0
138
-6
133
16
97
-29
-81
-51
-16
18
56
35
18
-140
10
0
-22
-99
-36
72
-50
-32
-43
-10
4
125
16
24
8
-15
-62
49
95
-26
-117
3
-22
-71
38
-142
38
-11
-96
-146
-46
18
-47
19
-26
65
12
-47
-66
81
-80
-14
0
-27
-84
-5
3
15
34
101
109
-93
32
10
0
28
-76
44
36
-4
9
-100
-129
-108
85
11
-51
-2
-122
-116
-18
93
5
-134
0
-6
9
31
0
10
-5
7
-45
-115
54
21
-7
68
-36
0
0
12
23
27
38
-63
13
-9
-103
-54
65
13
-6
-5
-20
-52
13
86
31
130
0
-5
67
2
-20
-42
17
91
0
-104
-55
0
-19
79
34
7
-83
-70
12
116
4
-87
112
0
5
2
-26
33
-1
20
-11
155
0
0
117
12
36
85
-26
-6
-54
21
-114
-101
-57
32
-16
-33
-119
90
40
-27
-19
49
20
57
-23
-153
-29
58
-83
92
115
28
-5
111
0
-3
150
47
3
9
38
38
-143
-19
124
-98
-36
0
13
107
-83
0
0
-5
-15
17
1
14
38
-137
42
-4
-70
155
44
-58
4
120
-150
28
144
21
51
-116
39
-35
157
74
-152
-18
-75
71
-106
5
-60
-45
-20
9
14
-27
25
51
-47
-23
-13
-15
-141
141
-27
-16
68
-27
138
14
-113
-5
0
-10
158
22
153
-56
136
126
-10
0
134
73
-49
-39
-29
-7
69
50
-40
-28
-36
27
-10
-8
0
30
5
-32
21
8
-26
135
72
8
135
45
-72
115
91
-15
7
154
-123
3
118
128
156
-18
131
-53
-94
-5
7
60
0
-31
31
85
-5
-22
22
-59
31
1
7
36
-52
-61
-3
58
-108
113
9
-59
-2
2
64
-53
-17
0
15
-18
136
-25
-48
-10
-20
55
2
0
0
133
4
-78
16
145
4
7
-33
3
28
-2
-151
94
-124
-1
39
0
96
-1
39
0
-23
-6
-121
-25
0
-6
-62
148
-21
-18
-112
-12
46
0
-148
-32
34
-19
43
-30
2
75
18
3
-139
19
0
-9
8
-21
-12
-32
30
0
68
21
3
81
144
-38
6
-51
54
69
17
-80
-7
103
30
16
46
-24
-104
76
65
-64
-44
-18
-11
1
0
19
-52
-21
-71
-3
15
120
-25
-10
30
-15
0
0
29
-147
17
-4
11
0
39
82
-14
6
132
76
14
-127
0
-3
21
37
156
-37
-86
29
-109
24
0
4
0
-2
131
106
-13
-35
-40
-53
0
-142
61
-7
37
-143
0
24
91
45
15
111
-88
0
-5
88
-140
-11
138
24
25
108
-84
3
17
0
-10
11
-41
-11
48
-19
-104
126
66
-6
9
0
-1
0
-130
-125
121
-53
0
-9
-90
-96
-145
0
17
0
25
73
38
-149
142
114
44
-9
-100
-103
3
6
36
-158
-125
0
-89
-16
-127
129
0
102
0
0
22
58
-26
-13
0
117
2
-38
-9
1
4
-1
41
8
-16
-16
-9
0
-110
-17
-22
-55
0
-50
-8
32
-15
12
-14
33
26
-4
98
-39
7
-1
-14
-12
-8
2
-15
-23
-132
-22
-86
-118
140
-47
-77
139
-35
55
36
77
12
23
-67
29
-43
-63
137
4
-128
0
26
22
5
-14
66
-57
51
95
0
13
-7
24
-9
-18
41
14
-1
-11
27
70
149
-35
34
4
20
19
129
0
1
-13
12
0
31
62
122
42
-15
-4
-34
-5
-7
0
-92
23
29
-48
-107
-101
40
133
-25
-6
-154
33
-102
42
-44
-17
19
14
-49
105
-22
42
-151
-2
3
37
-93
48
-6
-16
-37
-123
-49
-20
7
-74
-89
-13
-81
28
78
31
-52
-12
-20
12
2
55
18
46
0
46
110
34
-32
31
-6
-35
-6
-130
56
-79
26
-10
-43
-23
0
116
54
-79
23
24
7
-99
-43
-63
-25
24
65
-67
11
0
-35
0
-119
34
-24
-37
13
0
26
87
-10
-100
8
-109
-152
-147
-93
84
146
28
45
122
-2
82
5
30
-134
-52
57
-56
97
11
-6
80
-95
146
-41
97
-157
54
105
13
50
-8
10
34
-10
56
-33
-47
12
13
4
-8
-20
-99
-11
-50
