-6
-55
0
-57
12
-33
60
-146
6
-3
7
-41
0
-76
-22
-4
-8
98
62
0
19
64
141
9
-1
6
105
18
154
14
-9
12
-60
108
12
-5
144
-47
-4
13
0
3
23
-12
3
-18
58
0
139
34
-12
135
-5
141
16
-81
1
28
0
27
-49
3
-46
0
-10
-11
-102
-25
-9
138
121
-5
2
-14
-25
49
0
-125
5
-25
-26
19
-15
-32
55
104
128
14
3
8
-49
-31
73
24
10
-114
87
130
-2
-44
70
12
-6
-152
1
-66
45
154
120
11
96
34
26
54
15
38
93
32
-13
-110
33
9
4
-92
-48
35
52
17
-27
50
-19
44
35
40
92
63
131
0
0
-16
21
15
21
-126
17
-43
-35
0
72
0
-89
-45
117
-23
0
-47
48
125
140
-138
1
144
32
-91
0
-1
71
-38
37
6
5
155
-21
0
118
-42
8
29
42
0
-53
13
3
-11
-31
77
38
8
-123
-4
-44
-137
122
-112
-54
-33
0
-82
-101
0
-24
140
10
103
0
-83
-4
-123
-12
0
-51
28
0
86
157
17
32
129
100
59
115
85
0
9
18
-14
-2
5
-14
-7
117
39
-30
-19
51
-57
29
-74
15
0
107
129
-48
16
24
5
45
53
2
-148
-56
46
4
-77
126
20
27
-156
-15
-35
9
-47
-128
0
0
-121
-2
-16
40
19
0
-44
7
119
-63
-6
-17
25
-15
0
-93
-148
0
-10
-142
-81
120
-11
89
-1
-147
109
-52
-80
-149
18
99
111
134
14
26
36
14
5
-48
-5
84
73
-79
65
32
-70
3
-25
-153
1
38
22
-6
-28
30
-6
4
66
1
94
29
-61
-31
-158
75
-56
113
0
9
0
142
157
-100
19
-101
20
46
45
-23
8
-71
-88
-112
-21
10
-37
-102
133
2
124
0
-17
-111
28
24
-79
-64
-86
19
109
-32
-59
-9
26
17
18
11
-55
34
-116
-24
29
0
139
108
23
36
-61
-116
-42
15
-20
38
-54
131
134
-42
0
46
20
-22
114
-43
-10
37
-68
-50
20
7
-74
-3
-31
0
8
-30
50
3
34
41
16
-9
-90
75
-15
23
-39
-5
-55
0
-30
151
-156
-20
-12
14
-84
-37
0
7
-6
27
-27
133
-127
-2
29
-43
0
-52
-2
-97
-151
18
19
-65
22
15
-17
-41
1
0
16
149
-10
-99
39
-37
-36
0
22
-147
-56
34
155
-7
-3
-13
-26
-7
-143
1
119
91
8
152
13
-69
1
-27
-150
0
143
3
0
22
-36
26
-33
136
10
-124
104
21
150
17
-47
4
0
-105
-20
158
0
-23
25
-115
-58
12
0
36
-76
-146
-26
-15
0
2
-8
33
-85
-2
49
-20
-130
-137
82
113
4
-13
-11
87
7
68
-58
-127
7
-62
-21
67
24
145
5
132
-11
0
43
2
-33
39
-30
8
-24
-153
-39
-35
-31
4
103
-97
11
0
-3
30
95
-2
58
83
18
0
13
5
-21
22
56
-80
28
0
-53
-53
-78
-14
0
95
98
-106
7
-14
-34
-18
9
7
25
-23
16
-13
96
-50
-8
-90
136
-21
69
-6
-10
-94
-122
-7
10
51
-13
-31
-52
-11
57
132
0
-41
-26
-6
13
135
-38
-51
0
-1
16
54
-23
88
35
0
6
-110
-67
-145
-12
-29
-24
-106
118
36
40
-72
57
-37
4
25
-22
107
39
-11
40
-28
-78
4
39
-30
88
0
-22
11
-16
16
14
13
-46
119
7
-158
-7
17
5
-61
6
-30
0
0
77
37
67
-10
-152
-13
131
-74
15
71
156
120
23
-153
-1
-10
-8
27
21
-37
48
-3
-52
-80
-66
-7
14
-37
15
-9
-26
-12
126
-24
-16
8
24
10
26
-23
18
6
-120
26
5
21
-90
48
68
-3
-25
-21
6
129
32
96
53
-33
98
133
-104
8
-89
12
-51
124
-28
-19
-5
36
25
-16
13
21
-3
130
-154
-6
103
-6
-40
18
-48
-25
105
-115
22
28
0
22
-17
-116
128
-8
33
10
-49
-84
-20
0
-43
-104
-118
-67
50
25
-136
-53
22
-148
148
-56
-28
55
24
23
30
39
78
-82
101
149
-147
-131
-158
-45
-5
73
124
-31
-54
0
-71
40
25
-140
132
16
-6
35
-110
-23
4
-39
-100
30
15
-39
4
-5
33
-8
17
1
14
11
-57
-4
4
-1
-51
-34
-9
79
1
-99
0
26
114
24
0
44
-35
-48
29
45
-50
10
4
35
-150
-151
56
-135
60
80
-23
-92
31
-34
-26
5
10
-6
-151
130
-11
-41
5
-12
-2
15
-65
-66
-54
52
30
-25
-19
-98
20
-108
-45
0
32
-44
-4
-4
29
-144
89
-63
-128
-146
-2
-73
-94
3
-154
-29
82
0
0
0
-116
-72
0
10
109
6
-19
5
-1
7
152
-29
0
7
19
0
-92
-110
-19
38
-41
3
-75
-37
-95
62
150
-81
-4
156
-32
11
54
-20
12
-35
64
-153
3
52
0
-37
0
10
-9
0
9
-3
-7
68
137
-33
-17
-2
10
14
25
-24
2
43
-13
5
-97
0
41
-112
-2
36
-78
2
14
-10
-136
19
-113
-47
18
49
118
-13
-1
2
-18
16
46
13
0
-31
-4
0
-157
42
54
-38
-34
-5
146
-30
-17
37
106
50
42
8
23
-21
-76
9
99
-134
8
0
15
-21
59
2
-141
0
18
-139
-96
12
-23
-86
7
27
0
-58
7
-32
0
127
22
0
4
9
-81
-32
-88
-1
2
-14
-147
11
-84
-29
39
100
-6
-36
0
0
-85
121
102
91
-9
-40
-22
70
0
-143
7
18
20
-3
-1
-135
107
-5
0
13
-15
-52
114
-64
129
-47
145
0
0
36
-93
-45
14
-63
-155
20
87
-112
17
62
-13
0
21
-20
0
14
-60
-16
51
0
-21
-137
0
-51
142
-69
0
-19
20
125
-58
2
31
-11
-1
44
15
145
-1
12
-56
35
-7
24
-2
-111
12
-27
24
85
-102
-59
2
16
40
-38
1
-31
-8
0
-123
105
93
0
0
-43
144
-12
58
142
-38
0
117
0
-11
58
-141
133
12
-27
-56
140
-36
-134
0
-4
-149
108
-49
47
44
0
65
-7
76
-74
-126
32
14
-13
-86
-28
94
-87
0
-34
-38
0
-75
83
121
113
-33
6
34
12
-26
-123
41
122
-3
-11
-6
-139
-157
0
-55
-53
-50
-26
-23
-111
-138
-15
28
0
-127
-57
-95
-70
119
3
-42
-97
103
107
-17
-7
-13
42
-11
-49
0
-91
0
8
-22
122
-106
-57
-55
-22
0
27
-90
155
-57
-72
-27
-115
-101
-29
-36
55
19
-47
-46
77
0
-125
46
28
18
-79
117
-61
-34
0
-9
26
-17
138
-14
-9
-18
-1
-25
-109
53
-143
43
33
83
-20
3
-39
15
-69
-38
4
8
-6
35
132
5
24
9
31
-15
3
-11
