-15
13
-25
4
76
32
6
-73
8
2
129
158
15
-25
-16
12
-18
-84
-29
-75
-18
152
22
-14
-39
-77
-78
78
123
36
-134
12
-26
1
-6
1
-51
93
-120
1
0
-128
34
0
-23
-14
-39
-36
98
147
-102
49
-57
43
28
-95
-10
137
61
-148
-19
-15
-12
-30
60
-149
-56
40
0
14
136
0
0
-28
-49
5
-93
-52
-106
-25
-35
0
-58
11
57
29
4
9
0
11
26
-31
-2
0
-15
17
0
0
-32
4
149
0
-112
140
121
51
-38
109
39
107
-7
143
-14
24
-18
31
-46
-9
-146
-15
-18
54
0
19
0
-8
142
-57
4
-74
37
2
39
-2
-79
-24
155
-11
-32
-121
96
-5
-141
92
-80
0
9
0
-86
20
127
25
154
-1
-23
125
-61
0
0
0
101
38
-135
39
-129
5
116
-80
13
-82
10
156
156
-59
30
-42
-29
-15
-2
-24
7
74
133
48
21
-12
57
-58
41
-1
56
47
0
-12
-59
21
-53
119
-37
-10
0
33
0
0
100
-106
25
113
140
8
5
-75
-4
35
-56
4
-14
66
10
-104
-5
20
-35
12
21
139
144
0
-1
44
-27
-131
10
-54
0
36
32
-1
-111
3
-157
0
6
7
48
-85
-44
-48
47
150
-118
151
-119
0
0
-23
-24
-10
96
-49
-70
-14
-105
114
-7
4
104
-8
53
-24
144
-87
33
25
-17
-18
-108
-21
15
-4
-20
-42
30
-19
9
-22
2
-110
-7
63
-6
35
-86
24
20
37
64
22
-83
36
126
0
-137
-11
50
-20
-16
-76
133
-38
-45
4
5
54
44
13
16
16
-51
8
-10
153
-81
55
-12
0
101
89
-12
115
-11
-89
-44
-34
-1
-50
22
0
42
10
0
1
-31
150
34
10
-102
-69
-2
103
20
120
-9
88
-19
45
142
-23
-40
91
-35
-1
-122
90
-31
-13
0
-62
77
0
-5
16
-90
97
50
-56
-112
17
-46
13
-19
43
-94
-154
-110
-145
-11
-39
9
18
-25
-5
-84
-136
6
-19
18
-141
2
-26
-30
0
-1
-130
9
-3
13
-6
8
33
11
3
-2
-27
-13
0
107
-18
24
-51
111
-9
15
5
2
-71
58
-16
36
-132
-17
49
6
-100
0
-109
103
2
-53
-67
-130
38
-43
21
7
-23
27
-23
8
28
55
20
29
-22
8
0
-14
-45
-32
37
-17
-27
28
-115
-147
-54
-53
41
-33
72
70
-63
13
7
3
28
31
85
36
-3
-62
22
87
-68
153
21
33
135
83
69
-21
-124
-3
116
8
19
-3
-3
-3
-4
-132
145
14
0
151
-46
13
-7
99
-122
131
0
91
-17
-10
138
-7
17
-127
-79
-7
-148
41
-3
0
1
-41
29
0
-23
26
146
6
157
-81
-5
-9
-40
-113
3
-117
0
-139
0
47
34
-22
19
33
6
0
-30
58
0
-143
0
17
11
-42
0
-26
114
15
-45
-5
-73
72
-34
6
-95
-34
65
-37
-37
-118
11
-152
-155
52
21
-12
-31
-12
9
0
-128
38
124
-123
-117
0
-11
68
0
27
-105
-126
16
-3
-38
0
67
-7
71
-88
134
-35
-16
-4
26
50
-138
-8
6
6
26
-92
25
82
-65
-22
13
-55
15
98
4
52
158
-26
-5
-94
55
-24
47
30
-64
-60
0
-20
-28
2
0
32
7
-43
52
29
66
-97
48
99
-23
-14
-40
27
14
125
108
-46
-96
2
148
43
117
0
20
33
-28
-29
-10
76
8
30
-48
-57
-18
-56
-21
23
-130
14
1
42
-149
-149
-103
-35
-156
-13
141
-21
-92
65
7
-26
-154
-51
-107
52
0
10
139
37
-3
-4
-8
-12
-9
-49
26
-129
17
-146
-12
-14
136
-23
1
-72
12
-93
-3
6
-20
2
-40
25
-31
6
-19
126
111
15
114
-15
-9
5
22
-7
1
-25
0
39
17
0
-16
-144
132
-90
45
57
-113
34
25
-108
25
-8
11
-135
15
7
15
141
-6
37
-13
0
0
4
0
10
10
19
140
18
151
31
70
-3
-8
0
7
2
155
-50
-23
-54
116
-48
-5
-23
-40
-123
146
35
-34
24
-4
-32
-58
18
0
0
123
152
-59
-154
143
85
34
135
-49
87
0
-36
-80
-72
110
-32
-117
26
-52
-9
-4
2
1
10
3
-16
0
-19
-104
-18
-6
-46
-53
13
39
74
41
9
-12
129
3
39
150
61
-9
5
-10
45
37
63
83
-59
-5
-22
-28
9
-22
50
-40
-22
0
-11
49
46
31
107
-38
-3
134
8
-42
-91
-13
55
-38
0
25
115
30
-108
38
-132
-94
11
-100
-100
17
77
-54
95
1
-73
128
-158
38
16
-48
-22
41
133
-15
0
-84
43
114
153
-51
0
-99
-152
-7
44
-44
6
39
-130
-56
-5
131
0
19
30
-11
-112
0
4
-138
52
-41
5
-85
7
43
71
55
-20
-48
-23
0
46
-42
0
-147
-16
24
-37
145
-1
-45
106
89
92
-51
-17
-118
84
-33
-57
18
79
-105
12
0
-5
-28
-8
15
94
122
-29
0
-142
17
-125
28
-67
7
47
-11
25
-11
4
-96
4
-53
150
-55
-45
-31
-16
-53
55
-32
15
125
-23
145
37
30
147
0
23
0
97
4
-79
126
81
20
153
-11
64
6
21
-83
1
-127
-69
0
-18
8
-8
39
9
-82
36
99
-8
-81
-151
-54
0
75
60
53
18
-58
7
111
-1
-24
68
-2
-98
-77
-24
88
-26
-19
2
20
74
0
131
19
14
127
-47
-16
-44
-128
-7
-14
-20
18
-43
27
-46
137
-101
41
122
27
-75
47
-143
-89
-8
0
-22
15
0
-35
-33
2
-23
26
109
2
-62
-121
21
36
2
142
12
-34
0
-51
-139
0
1
98
2
3
93
1
32
-32
3
56
-26
0
33
-14
-22
36
-119
-86
120
0
0
-21
0
0
118
-19
-136
0
25
3
-1
-36
5
-90
-15
58
0
137
-32
-158
-5
12
-27
-148
35
1
-62
-124
39
102
-14
70
-134
-138
-119
0
-16
-37
13
19
-3
35
-87
0
-113
2
44
11
50
0
15
-52
24
-63
157
-29
0
-7
-31
17
36
6
69
88
124
133
58
11
10
25
6
50
109
-10
42
-7
156
0
78
12
-112
-76
-60
14
0
155
47
-33
12
64
78
35
157
-86
116
-13
-31
-105
-17
67
-80
13
120
106
-115
-29
101
14
0
0
-3
-20
-28
-13
121
-27
-24
-30
16
17
-13
-27
-66
5
29
-34
-66
-65
140
2
0
0
91
26
54
-12
-11
-30
-82
-97
-22
-24
-38
5
144
-14
-68
-10
40
61
-95
-4
0
9
24
5
-4
-3
57
34
0
-7
21
6
-110
-6
9
33
6
-49
21
-71
-73
-21
4
-14
-29
9
-4
-103
-38
20
13
0
0
-26
-28
-27
6
10
102
104
0
56
