-24
-95
-40
0
-42
145
47
141
33
-18
-1
-32
-7
62
0
98
6
-76
6
-140
-33
33
133
0
86
-24
-23
81
25
10
67
45
-16
23
-75
-59
12
46
0
-33
-126
91
118
0
96
-93
15
13
-154
-50
137
0
56
-14
15
-134
-94
-116
-8
5
24
49
-25
-21
-42
-11
13
0
4
-61
-56
-27
69
-19
10
-87
-54
-139
0
-8
76
-18
-13
-21
38
119
0
12
61
0
-44
93
-35
-103
-17
0
-14
-3
-7
-17
-71
0
5
19
-28
-3
-13
34
-57
-7
9
0
-41
-58
-10
-15
-134
-31
-31
-132
-64
-15
2
38
28
-34
-16
150
-97
26
48
-131
-43
3
42
0
-25
10
-18
25
-133
-11
-115
-10
9
-142
-74
39
-27
108
104
19
-101
-49
130
-3
-16
-35
75
30
117
-148
151
-41
9
3
-9
127
0
-110
-132
144
92
-128
45
-8
-50
13
0
-18
-4
-2
4
119
157
-20
-64
-19
79
53
-78
112
-25
8
-5
80
-8
-34
57
109
-16
55
-27
3
-79
118
-1
4
0
36
21
10
0
-22
-55
-83
-129
11
-11
125
-25
0
-146
4
-20
129
-90
-19
-58
-29
20
55
34
-11
-8
0
-113
38
-13
-41
-69
36
2
1
121
10
-14
12
53
130
70
0
-72
-153
2
114
-8
-65
4
112
-9
-3
21
47
-107
40
45
-98
12
24
21
-141
-6
44
55
155
-39
58
-48
-18
52
143
5
21
-26
-26
-5
-14
-100
147
-7
37
-4
24
-87
-6
-80
85
-3
6
24
0
0
33
-13
-3
26
135
144
123
4
15
-78
19
71
66
4
2
155
37
-70
-44
38
96
0
-54
136
142
-106
-4
-137
6
23
43
1
1
53
14
0
153
-84
30
102
47
151
135
-140
14
46
-5
17
17
36
-27
-43
-39
108
54
2
-21
-37
116
0
122
-56
0
-7
-14
-54
-8
37
0
149
-2
-50
7
-49
115
-105
109
0
-32
-10
0
117
-23
-120
22
0
-89
-121
-156
-74
13
17
-12
100
9
-42
-28
0
-11
-22
-138
1
-48
35
10
-146
31
57
15
2
0
-35
81
15
-63
6
0
-3
101
-14
68
-52
-8
-38
0
-89
0
-19
33
-105
-2
-111
-20
51
0
-41
11
49
-23
-18
-58
22
-88
148
29
-114
99
-60
65
-27
-9
-124
-17
-36
-13
45
158
-83
0
99
15
56
-106
19
53
-15
0
39
-13
-7
-149
-4
32
-22
15
-85
14
-66
30
-4
1
0
52
-26
-30
-82
-90
67
-104
37
46
-26
-32
-5
34
-73
-46
0
28
24
-5
86
97
0
139
16
-32
-36
128
40
-6
20
39
143
-30
-26
-29
8
-28
7
-50
20
-136
-39
110
-131
150
157
-158
0
-6
18
7
-51
-16
-5
-77
44
32
34
1
29
92
-16
29
20
-94
-138
0
0
0
2
107
23
36
-6
-11
68
6
22
35
23
-1
-6
59
102
-29
43
40
-12
51
31
-47
11
0
-31
7
16
9
20
63
9
0
3
-9
0
127
0
7
0
17
5
30
147
-18
113
-1
12
-26
145
22
12
-103
1
-14
122
5
-12
0
28
35
-2
3
-24
17
-25
-38
-72
37
-124
11
0
5
123
-10
-77
-7
-152
-84
-52
1
-111
95
-82
-73
-152
60
-62
120
126
-2
-51
-21
-91
27
88
-125
22
-57
-31
156
48
-23
-12
-154
-25
-106
22
-109
-124
-36
14
78
-27
23
7
0
98
-44
88
41
4
-16
92
-70
-57
9
0
-65
0
-16
38
-37
-12
0
3
20
148
-58
-7
24
12
-55
-15
-36
-15
131
0
7
-64
12
79
13
21
-57
-12
-135
-29
16
-5
36
87
-78
-82
-32
89
-54
-23
-22
-14
99
-120
11
-52
1
11
-25
-11
-7
-33
-49
-102
18
-25
36
50
120
-99
-5
-2
-26
0
8
133
49
-9
-20
-93
-17
11
-64
-59
30
4
-122
35
-40
25
75
-14
139
-143
-146
-144
56
44
32
10
0
-2
0
47
46
-49
3
-33
2
-9
-10
-150
50
-48
-4
-60
-47
-24
-48
0
-31
-81
129
-110
18
31
101
-37
34
5
-19
-1
137
34
39
23
0
0
-22
17
6
39
0
1
27
6
-10
-113
134
43
76
-4
-158
98
-40
-58
155
0
48
18
3
-52
54
107
13
0
50
-157
-125
69
-106
-21
83
24
-112
-122
-2
126
138
-42
56
30
-96
24
-6
-3
-35
-97
-152
-8
10
-100
127
-21
-7
-3
116
25
28
-84
25
29
0
-128
13
43
105
-142
-28
-7
-154
104
136
-20
-24
-118
31
-28
-20
54
-157
0
0
0
-85
-28
17
-11
-10
-24
16
108
-25
32
-42
26
-55
24
8
47
26
95
11
-28
-17
22
-21
-102
-142
13
4
-71
0
-23
72
-10
0
40
104
-13
-56
0
-35
33
-6
54
-147
-53
-12
-16
9
29
0
86
123
-27
23
73
89
-62
-75
13
-110
0
-146
14
-1
68
115
56
-2
8
4
-139
5
69
-74
-6
-3
-59
0
45
18
21
0
-15
-13
-151
3
-67
-132
11
-94
31
-149
-156
29
7
-80
5
45
-8
-57
155
128
1
-39
9
-19
-55
-14
22
26
-20
39
-22
86
-70
-9
0
25
-26
-8
53
6
17
-79
1
-67
66
0
-58
15
-19
0
-36
0
21
39
-80
14
0
47
0
21
0
149
38
-7
0
77
-4
26
151
-145
17
-91
-15
117
-1
6
37
13
0
-20
-115
51
34
35
16
60
0
4
36
-116
1
0
-87
-132
-12
-8
8
9
-51
-140
2
19
4
19
119
-20
34
-41
-156
-29
-46
5
95
19
30
0
-15
12
-3
38
-37
-140
14
-45
-130
-23
0
-6
15
0
77
-129
-6
6
-9
-107
-28
-2
130
1
-135
19
-61
124
6
62
3
-18
-14
-97
-42
-32
112
0
-2
17
10
17
-43
-88
1
-1
0
9
-27
117
-2
32
19
-108
51
-7
-46
-111
27
-24
3
-76
35
48
41
123
22
-49
13
145
127
-3
30
7
103
-5
5
-23
53
52
143
-63
-20
90
-31
35
81
73
-4
-150
-141
158
-44
91
5
-63
-52
33
85
134
121
0
-51
138
10
-118
37
-2
25
-84
-21
-27
-11
-12
-14
-16
44
0
-94
-154
0
34
-9
5
1
34
68
-29
119
-16
-153
15
53
-6
0
33
41
125
2
30
-105
0
-92
-10
45
10
-66
-96
15
72
-82
-148
147
-12
39
-90
71
-141
7
-23
103
0
-33
38
-4
-18
136
0
40
-46
38
-12
18
100
65
109
8
15
101
-55
58
-133
114
-5
-32
126
-30
-22
-11
2
3
57
4
-37
-153
113
38
-42
0
5
83
131
-26
-93
43
-61
152
111
-18
-114
-13
0
-137
-26
0
-144
0
14
0
121
-31
11
8
-7
-74
-50
