8
-80
0
26
-151
-102
123
66
146
134
7
-49
0
71
-11
-13
-15
-16
-113
-110
-45
153
-34
33
36
37
3
-26
0
-6
-4
39
-17
-144
11
29
28
-4
-70
-119
84
-154
-70
-25
-14
-158
0
0
4
-14
54
-36
0
1
47
-113
-61
-35
-142
-136
39
62
127
0
49
-10
132
-56
-124
-17
53
40
52
0
23
0
12
-27
-3
24
-3
0
138
0
65
28
116
73
29
-5
54
-83
-147
-156
-17
16
1
-45
-4
-95
18
-145
-11
12
-24
143
-5
32
-4
-42
-9
0
-6
5
25
-144
27
0
-18
-109
4
3
-44
157
38
128
-90
-103
148
0
-107
146
-26
-8
11
-101
-79
12
12
-58
-23
-53
46
-43
-5
-29
8
-1
97
0
63
145
106
-25
33
21
2
-11
-10
-21
-4
-72
68
67
-141
-10
-8
6
16
34
0
15
-6
57
5
27
22
35
0
91
112
-38
-3
47
-118
-50
9
39
-17
6
-2
-1
-4
-125
-133
-130
19
-13
-152
7
25
28
-139
96
-67
39
78
28
44
-94
29
30
8
1
-97
151
-50
0
-75
-103
-66
85
110
25
132
-19
-4
-39
-18
126
20
2
60
8
-8
-59
-18
32
-30
-30
-8
-134
-53
-69
31
5
-30
-14
15
74
21
-1
-78
0
25
-2
150
54
-16
69
-1
18
37
0
13
-29
98
-34
87
-75
155
22
-121
40
-13
99
22
-35
-13
50
2
43
-77
-26
-2
-10
-6
92
-7
-88
-56
117
-116
12
124
26
-21
57
-17
9
-6
3
-33
0
27
77
7
-31
-28
35
-73
3
-21
-114
-47
-6
106
39
-141
115
111
41
0
82
-1
7
-31
137
10
-19
-20
14
13
137
-15
8
-42
1
0
0
-24
104
13
54
36
-149
0
140
16
23
18
51
37
-14
-5
-42
-23
92
57
-139
-16
0
-7
-19
-3
-52
-34
-20
138
-25
-52
0
-20
4
41
10
-22
-140
-127
-58
-115
98
34
-23
30
130
-40
149
-15
-38
-9
62
99
88
-9
0
84
0
82
25
16
-31
-12
-11
-112
129
-122
23
-3
51
51
-85
-89
-2
-31
-44
0
12
109
-18
14
135
118
0
-7
10
2
-27
32
15
-26
58
13
-26
-2
63
76
0
14
14
0
27
135
23
0
157
89
-152
-128
131
-34
38
48
-32
114
-105
-4
105
45
-93
0
-57
-71
-20
0
-20
0
2
-17
-16
-24
-65
90
55
38
81
5
-142
-31
-95
-43
15
45
-111
55
-49
24
-30
126
-37
15
-12
19
-22
107
9
47
-108
-136
-41
-96
-5
0
83
0
119
-46
0
-15
6
-148
0
23
-3
-94
-7
-17
13
48
33
-154
9
-36
0
-58
0
56
79
0
-108
0
-125
-56
12
36
64
-101
36
-42
13
4
86
-6
-121
-6
-10
-32
-5
-102
33
46
0
-8
-53
120
-11
0
-7
150
-46
20
0
22
-158
11
-19
60
-153
131
129
-40
0
-9
-49
21
-86
32
48
28
-14
-80
48
-55
0
-123
19
7
-11
22
-100
10
-93
-33
72
14
-55
-37
2
-26
-1
-3
117
3
120
-20
-5
-17
-64
-9
24
1
-21
-133
-29
-35
44
-7
21
68
50
-24
1
43
-7
-9
0
-6
0
22
-143
59
-87
0
35
-19
-147
76
-12
-41
-155
-5
104
-81
37
100
10
-51
-52
2
-15
24
-122
91
-38
-18
-74
156
61
11
43
-83
-1
-28
35
31
17
67
-139
-126
83
-50
7
99
-74
0
-85
-44
76
4
41
97
-30
35
111
0
-50
25
5
50
14
6
-71
41
36
0
42
-128
21
-33
0
0
-13
-129
-92
-42
-113
8
-3
24
-41
23
-90
-92
-37
20
-3
2
0
125
-15
114
144
-1
5
-14
-50
91
-153
139
-116
68
17
-109
81
-6
-20
1
-18
-2
-137
-33
-20
34
14
-36
-8
21
-38
-82
-87
-101
7
0
-40
0
0
0
-121
5
16
0
3
6
120
43
21
12
39
16
5
-21
38
-143
0
0
-147
-46
-39
-120
0
-116
-7
-9
-17
-156
-11
-54
-24
-47
-20
-52
-6
-29
20
-68
0
12
-123
-34
-33
47
13
-117
-54
56
-5
75
22
11
-143
-106
105
-6
0
32
30
-8
-27
0
-32
22
0
-112
-35
72
-88
-84
55
75
99
145
-28
7
28
0
19
-103
86
-1
-4
8
-141
-128
127
19
-52
32
-26
-3
13
-124
-44
133
31
37
-70
-18
32
154
0
16
-16
152
7
-73
-51
0
-5
107
66
-56
-54
15
-57
108
-102
80
-58
2
-2
37
-148
0
4
5
2
24
22
-30
-78
14
77
0
17
-156
38
125
10
89
-26
-142
0
10
-13
25
-9
7
122
-85
136
27
4
-49
35
0
-13
69
10
1
18
-34
45
-21
16
-45
103
6
-5
121
0
109
-94
-65
-40
-149
-58
-14
28
155
6
11
-29
-6
0
0
-3
0
49
-23
-111
2
7
0
26
-59
-37
-31
-21
-4
9
-56
133
15
-12
-11
12
58
51
96
15
16
-48
-8
-3
22
-53
-98
0
-11
100
-140
6
-149
-10
35
4
40
-135
-69
-93
0
-95
119
1
-30
28
-10
-4
-153
-82
-129
105
-42
-14
-6
19
19
-62
-21
0
36
19
119
0
29
14
20
14
84
23
22
130
2
-112
19
36
34
-81
11
-2
-122
-44
20
146
100
39
152
104
0
3
7
0
-16
33
-18
1
47
-6
-61
144
-118
-39
0
142
-13
-79
26
24
106
-12
-8
-57
151
-87
-89
25
70
-39
-1
-9
0
48
138
37
0
0
110
-25
23
21
5
134
17
118
-56
-16
55
65
11
-150
0
27
23
-64
13
132
41
-71
86
30
-63
-57
1
0
-80
60
58
-148
150
8
-3
95
73
12
-114
23
115
138
27
-123
0
-102
-22
-31
4
1
-30
33
0
7
-53
-29
101
-1
3
-10
147
-124
-51
-4
23
-17
12
31
-98
-8
26
141
131
62
72
28
74
-59
-43
0
7
-36
2
-93
12
-117
76
-37
-140
15
9
23
104
-63
12
135
-49
-13
18
40
110
-146
-3
0
-15
-39
-2
131
2
0
-15
-57
0
9
-44
38
-55
14
34
25
15
46
-9
10
-157
1
52
-32
151
4
14
-36
-24
136
-10
158
-79
-67
-126
-91
0
61
12
-113
-48
-9
17
3
-78
35
26
-155
-24
-15
-49
134
-10
52
-7
25
130
-60
-46
-24
-154
24
32
-158
-18
13
108
-9
-5
-4
27
-17
145
88
34
-64
-97
5
45
11
-96
-47
27
-8
77
-29
19
26
-107
-18
-115
-22
-43
-42
-6
-38
0
-46
31
157
-20
4
25
29
-5
90
51
-137
45
53
-19
26
94
7
132
18
-53
8
0
33
-55
0
11
-10
-127
-15
-38
22
13
-11
66
-48
9
25
0
-2
3
-54
