-14
-13
34
34
3
-152
143
36
25
-55
0
-27
4
-158
-14
-26
-82
-23
55
70
124
-71
-31
4
0
-24
130
-4
-47
-1
-13
-42
71
45
22
-137
-47
-5
10
5
0
-28
-5
11
49
0
12
12
-34
-154
1
0
0
86
11
-148
95
11
30
-56
-14
20
-99
-78
-62
26
-10
-127
43
-3
35
44
102
18
113
-22
32
-42
104
-35
-19
74
-73
0
-31
15
0
0
108
11
51
23
3
-153
90
94
7
0
50
40
3
-142
41
142
0
-82
36
-134
13
48
-111
128
-1
-3
-60
155
-9
-83
-10
6
-44
-73
-48
-9
53
15
144
-35
0
23
-45
2
0
0
5
-29
-38
-41
0
0
132
51
53
-140
62
-75
2
12
-127
3
-19
106
-36
10
50
-105
-37
51
0
-15
13
-17
107
-3
-100
-25
-147
43
136
-11
-12
-98
30
13
-3
-54
-32
47
-49
7
158
45
-18
-93
0
57
-66
-30
100
-101
6
145
58
115
30
-29
0
18
9
19
-14
-9
-109
-120
41
51
-33
-38
155
32
-7
9
-1
-139
-7
-157
26
-30
-59
6
19
113
4
0
130
-14
-153
91
-6
-39
88
29
9
-4
-131
110
0
-33
106
-97
123
88
0
-2
-157
-29
0
0
68
-2
26
22
112
-8
23
34
8
0
-145
-92
19
25
39
-9
-139
-10
-18
-20
116
-14
-114
-44
-61
-61
-118
26
-150
-57
0
133
2
0
-24
-26
7
105
39
-8
-40
20
19
56
-2
35
-144
75
-33
-152
-20
-32
-116
-27
-32
15
21
-79
-1
-25
-52
-148
64
-13
6
-11
0
0
-56
-29
-1
76
2
-69
-136
-141
-66
87
77
25
85
-15
-16
10
70
87
-2
-14
104
-146
-111
28
-50
0
-33
-22
53
11
-15
-99
-11
-150
12
-39
20
24
-2
65
-42
38
47
-29
32
-34
-17
-10
26
138
5
4
74
5
49
-21
-38
0
52
-72
-21
-126
18
23
0
5
-115
-28
140
-15
-121
-96
-18
0
43
-31
-11
0
94
-21
-89
-131
57
17
25
-80
-31
27
-26
120
-24
-5
23
-125
129
-108
112
149
-37
135
-132
67
-6
60
-58
91
-123
-14
0
44
126
135
109
28
-4
21
1
-1
45
25
27
-84
36
-5
-8
-7
119
7
-7
30
-15
-22
-156
-25
-27
101
0
-8
-72
0
-16
2
97
-46
9
84
12
56
-21
-3
-17
-10
-16
65
0
117
-76
-24
-129
-24
81
-18
0
10
-46
-17
38
8
-4
-54
-7
-21
-20
6
-33
-18
-107
-3
0
-12
-90
-2
6
12
147
-68
-16
64
6
-46
-8
-122
-48
-154
8
146
8
-7
38
0
37
55
1
50
-53
35
28
67
22
3
63
118
-17
-46
-19
-83
14
-2
7
0
0
0
37
41
-20
128
93
-11
22
69
17
39
9
156
-81
-114
-110
-31
-54
4
33
-6
138
0
58
-6
0
85
-34
-63
17
16
10
24
-5
-134
-36
-95
55
35
0
43
59
-151
103
-52
1
0
13
-4
15
16
13
-31
-39
0
22
78
-92
-14
-58
137
27
5
-1
37
96
23
37
122
-4
52
-103
98
121
28
-89
7
0
40
19
-102
16
5
48
-79
0
-4
80
6
-8
23
1
-86
-77
40
0
133
12
16
-13
12
-119
0
3
13
-125
-143
36
57
-20
-9
149
-54
21
151
49
-124
117
42
141
15
24
-3
-13
-25
-115
34
154
-25
10
2
-14
142
0
-137
39
-7
8
4
-52
-52
-34
0
34
-55
-29
8
-23
42
21
-134
90
70
2
14
0
17
-25
22
45
-1
134
18
-39
-5
11
124
-139
71
64
20
-1
-55
0
-19
-3
-51
0
95
-93
40
-53
14
-12
69
29
104
-19
-141
-40
94
116
131
48
151
-62
30
-15
40
43
-155
-2
4
-25
-33
138
5
2
-96
-17
63
11
-14
7
-50
83
44
-51
-22
-2
21
46
-125
56
5
150
-26
133
9
56
44
-52
-82
-29
56
0
0
0
-25
11
-156
-39
-59
-11
10
107
-127
-7
-53
7
-23
123
25
-23
-130
145
20
-12
-16
-114
-123
-144
121
11
-24
26
-112
-38
0
-122
2
58
-79
-106
150
-82
-75
-56
20
-21
6
-83
9
27
0
109
148
16
-33
117
-107
-22
144
47
-109
-1
13
86
13
-24
0
-7
0
-13
42
140
72
-156
-14
-8
-36
-38
-8
139
61
-103
42
0
-151
30
-12
-143
-11
9
-84
-49
-13
-127
-10
74
50
147
120
-31
-152
0
-9
-4
-154
-115
-106
47
-24
14
35
7
153
89
-12
-124
-22
17
12
2
96
-7
8
-35
142
5
0
-66
4
0
-113
-54
28
-53
-68
112
7
0
28
12
-21
-92
3
-130
49
-43
24
-120
-67
86
125
110
-5
-5
-87
-22
-97
-11
37
-108
117
41
-10
113
35
-4
20
-102
-30
-27
100
-15
-57
-1
-73
0
-11
5
0
-17
24
6
-30
-36
-88
-11
5
9
-91
78
-37
-3
155
16
-44
-26
137
-19
2
35
-65
0
62
101
-1
-70
-28
0
-41
2
-7
-1
-6
-13
48
-118
26
-32
75
38
19
87
-35
-41
1
49
33
18
-148
74
-9
-1
-132
-31
17
-36
-52
-100
39
0
1
32
-114
-89
4
-46
71
-20
10
39
135
-15
-19
10
-18
37
18
5
59
9
34
-32
-4
-6
88
-6
81
158
-26
26
3
29
0
-6
-54
38
-21
-23
-27
-39
8
20
64
31
-23
1
118
0
-13
0
44
-6
80
-17
-47
-157
55
-143
-42
149
122
43
57
-19
21
-116
0
58
0
8
-38
-4
-32
-50
0
-5
-54
-85
54
15
-6
-30
0
-17
-27
-31
20
-3
-12
81
-36
29
-102
-30
0
-9
-35
-22
-108
25
-27
-51
-67
104
98
-8
-5
-119
-19
0
0
-23
141
105
-36
128
-146
-85
31
2
43
18
-111
21
131
77
48
153
1
72
121
60
-132
-51
129
8
0
73
-10
-57
0
-157
4
-9
-29
-15
105
14
-6
23
-16
-7
-13
21
-18
0
136
33
98
-46
0
45
-14
4
-28
28
55
-138
-27
-11
25
-13
0
-38
0
-126
24
-36
6
-10
17
76
-18
-26
-128
-68
-16
-57
-3
0
0
140
-18
-6
66
-48
-133
-5
45
-3
45
99
0
-13
16
-37
15
12
-84
15
-145
34
12
69
-34
-49
-31
110
65
22
12
-50
79
0
4
-158
-15
19
99
0
-3
23
60
-103
20
-37
41
-22
147
63
-58
37
97
149
152
0
0
-7
0
-3
-24
14
91
0
-135
-61
-101
129
-2
46
-3
-111
0
58
-26
24
-15
0
33
10
0
-2
94
78
10
-32
90
-16
76
-9
95
119
-32
-1
4
-53
-77
7
-47
-16
3
92
-33
-136
-80
-14
15
93
28
0
40
8
0
-6
0
146
-126
