22
-52
-86
56
-127
-7
0
-131
98
0
-2
-35
91
103
-122
8
0
-156
3
79
-41
12
-16
7
-6
143
-6
18
-92
3
-51
-48
-15
0
20
96
0
33
-4
-44
14
-11
21
-150
-27
74
4
-76
-7
18
-20
15
15
1
-32
-23
-1
-145
33
58
-138
89
111
-11
1
-45
-78
-65
12
-6
55
20
-149
19
-8
49
65
-2
4
0
108
-49
46
136
-66
11
-107
10
15
-72
47
-6
-154
-38
-27
105
4
-152
126
3
32
150
3
-13
-136
28
31
32
2
32
16
21
-14
0
45
26
-123
-5
6
-126
0
-87
-23
21
-12
-106
22
155
-54
31
-56
0
22
28
19
61
-33
56
-13
17
-54
148
-52
-45
-118
6
67
-115
2
-5
9
7
151
-13
133
36
0
0
137
42
-70
-115
-46
0
9
-25
-18
90
0
-152
-6
-1
14
-104
33
34
-16
0
22
-10
-10
-23
-156
-37
-8
11
1
-112
-24
3
7
39
158
0
-140
107
-14
10
22
-35
-18
18
0
22
-108
-96
0
128
-24
-42
0
25
-48
-52
7
84
-1
51
-29
-19
19
79
-133
-17
-28
-16
-116
32
43
-81
48
-19
48
0
-3
0
0
3
0
43
0
-13
-11
0
104
-103
-73
-44
0
77
10
17
-44
113
4
5
90
-101
-14
69
119
26
-9
0
34
121
145
0
84
146
7
-57
47
0
-58
157
28
157
-155
-50
99
110
5
0
30
34
20
62
-53
12
4
0
88
16
-21
94
-21
26
-31
-28
-15
-93
-9
-68
-114
-2
50
-17
-89
34
-85
-123
74
148
37
127
-121
-147
26
-3
-8
49
14
-30
-4
80
9
54
27
19
14
38
-58
36
38
31
94
24
88
-55
-22
-95
60
23
-80
39
130
-13
-72
4
-83
-30
2
124
135
-85
-25
113
37
-95
-9
0
-4
-6
2
-14
-40
-24
-13
17
46
-112
-71
10
-139
105
42
130
3
-34
-38
-21
-15
6
37
0
39
-116
0
-3
146
71
10
140
-35
5
75
-58
51
11
2
63
50
54
-64
43
-50
-35
19
-15
92
-12
39
-137
154
-36
141
7
135
-7
18
-15
-142
0
26
-1
-118
-70
-20
-7
53
124
27
46
129
-12
13
-3
-82
9
3
-5
8
8
-35
-129
1
98
-29
44
-143
-12
78
0
-39
77
-45
25
-15
-24
81
-2
21
0
82
-23
-64
-18
0
-29
-106
14
-1
-35
-67
-32
22
42
-60
2
57
-36
-23
-23
28
68
83
30
-99
12
-40
-40
-18
-57
-41
10
-47
102
149
0
5
109
25
20
-33
57
13
-20
-24
158
0
26
-4
100
10
17
-9
-30
-125
11
-36
120
-97
-20
-139
6
47
-111
26
0
117
110
-109
-17
-39
-120
0
-49
-5
-100
-5
-13
147
-134
-13
-73
0
-33
128
-2
-24
-25
-25
0
61
52
-7
-27
0
53
-51
6
119
0
-11
-114
134
26
30
144
37
-151
1
93
4
-125
91
0
2
-17
59
-144
-43
-53
-5
-15
55
-6
29
62
23
-40
-7
0
-19
-132
-87
-8
1
-38
16
56
-86
-34
16
-41
0
-102
-141
-21
16
-69
0
-9
29
97
8
75
8
-29
-14
-24
-11
5
-36
-8
-131
101
12
55
1
63
-153
0
31
142
0
0
25
-31
117
11
59
-153
66
4
138
-37
-132
122
-41
0
9
-76
10
5
-38
-27
-12
3
34
131
-6
-10
128
45
0
144
34
4
29
69
0
52
100
-15
-14
-38
-6
0
-19
0
-2
8
58
-23
-24
16
26
7
35
-44
13
-10
-7
36
20
-50
-7
25
6
-69
17
-121
44
27
-33
25
-42
-134
-46
-102
-15
3
-21
-149
-57
-123
-11
0
-83
19
61
-151
-60
-10
68
12
-49
15
-35
-58
46
-156
-2
49
-21
-5
-24
9
10
20
-94
-82
155
119
-12
-31
42
124
0
-67
52
136
-32
0
19
8
16
0
-30
-45
-13
-20
-87
-31
-84
-56
53
21
23
39
22
-7
152
-18
0
20
-16
-150
96
35
-34
25
29
112
29
38
-1
-72
-17
12
-62
-106
-41
21
90
59
32
9
-154
-28
-93
20
27
130
0
134
-92
-126
-16
-17
29
0
-9
0
70
-42
0
-18
-5
-14
-9
-38
111
19
-12
13
-23
18
-98
0
-14
0
-19
95
-75
-11
-130
-3
0
2
56
62
14
-65
120
-23
-48
0
-14
-4
-112
43
0
-25
-63
-99
-22
-89
137
-14
-26
-10
-1
12
4
-23
0
-11
-20
16
152
-6
143
-35
-108
-37
0
12
-65
-18
-29
148
77
-76
138
-103
0
-101
0
-141
0
6
-40
-111
0
-40
5
-54
-6
11
-125
148
-7
0
-78
8
10
127
-2
56
-107
-15
0
139
47
-17
-125
-74
38
0
-64
-115
13
11
34
-90
-58
25
15
31
91
16
-140
0
153
3
37
26
1
27
-81
0
-43
-23
138
9
2
0
4
0
9
9
-14
100
2
-85
-56
-153
24
8
36
-48
37
151
-104
0
-50
97
-37
-47
51
7
-5
13
0
-32
-66
31
-5
36
117
-95
-30
61
-44
-8
-70
-24
-3
0
-126
80
59
5
17
-114
136
18
-45
12
22
50
6
-52
-4
16
27
1
-14
113
-66
7
-1
-9
-22
-21
-31
24
17
-30
-91
20
48
137
57
4
-94
43
-2
-8
-122
99
1
21
0
7
30
13
7
13
-133
3
6
13
-15
27
-19
5
-11
15
-13
-22
118
-4
72
-86
4
-64
-34
-76
21
28
33
-4
26
-147
150
28
-3
85
67
5
55
-142
28
158
-10
78
-117
81
86
0
-51
-21
1
0
-71
11
37
-6
6
36
-89
18
-82
52
-142
-36
0
17
-9
28
-145
-120
55
-14
42
39
-79
51
35
-77
121
-110
-1
47
33
-38
-104
-4
-116
-87
129
-55
-13
-127
6
157
10
1
84
-3
-17
0
29
-5
109
1
73
26
50
51
40
155
139
6
-24
-3
45
40
12
-79
31
-143
-116
149
12
-23
-123
146
-93
118
74
119
41
33
0
144
-107
-54
157
-122
0
0
-88
128
11
-53
-39
92
15
5
-32
-53
0
-33
105
-129
1
23
-22
-135
-10
108
49
105
4
39
-57
-75
-41
-10
0
38
28
-140
-3
-132
47
-27
0
37
88
-71
-36
-24
-145
-4
-2
114
-32
7
-22
60
80
-15
18
54
2
106
-8
102
1
8
32
-115
9
-11
54
-25
46
2
-109
58
154
26
41
-44
-135
-18
53
-8
2
-35
-3
57
25
-16
3
-30
7
22
-34
-5
0
55
-19
141
68
-24
96
0
0
48
8
-26
113
-33
63
-39
-46
0
156
-97
-147
124
131
0
-30
-132
-15
-83
20
0
133
73
-43
26
101
0
158
25
-7
-5
19
11
-12
98
2
14
49
146
-110
103
0
-39
