-78
7
2
-146
144
0
-14
43
21
-111
15
-22
-96
105
-64
107
-7
6
0
129
-27
0
-7
-23
0
25
-2
69
30
142
-141
16
58
13
116
113
-11
-9
0
26
1
143
125
-4
-31
96
0
-114
0
140
-60
48
-5
-28
-100
-69
17
-12
-6
-54
52
58
-5
38
0
-23
14
6
-22
145
9
40
3
45
-7
19
10
16
122
0
154
5
75
6
26
6
7
-8
-83
-15
-98
126
130
149
33
56
-52
66
0
-132
-2
19
-42
-39
18
70
71
-12
115
51
-22
10
152
33
132
79
-38
-34
-27
50
22
39
0
118
1
-4
-19
-17
-93
-49
-20
-119
-68
9
-37
1
0
-29
-47
16
0
22
38
0
139
-9
-124
38
0
-85
-13
1
-130
-13
30
17
-12
-8
-11
123
0
112
2
-3
-75
-86
-10
-12
-12
100
-24
0
31
-97
66
-102
-11
0
0
0
45
26
-8
28
-35
-29
0
-29
25
-20
65
93
-6
101
-120
0
21
13
-1
13
-55
41
-54
-134
13
-7
5
-58
-13
-31
52
78
-36
20
-5
-3
18
56
33
41
134
-87
80
49
10
136
-147
31
-34
153
-46
89
-24
92
-1
46
25
0
0
115
-73
-29
-41
43
-11
-12
-14
0
-92
-14
36
3
0
-8
-12
-16
4
-14
-17
-26
14
-1
3
-42
8
51
73
-2
121
-38
-19
-33
101
-21
104
-16
32
-3
-138
88
-3
136
8
-116
-11
-2
-148
0
114
-18
81
0
-35
10
-153
143
-29
-54
0
135
113
2
9
-7
-8
-84
-20
-36
18
10
43
-23
-138
50
-9
20
-5
-38
-11
105
-57
0
0
4
126
-5
26
-76
-6
158
-15
21
0
10
-2
-104
-4
-22
131
-59
122
33
-124
24
141
128
-22
-68
-8
-109
27
-137
-15
-40
6
77
15
-74
7
57
4
-15
-3
-56
-9
-23
-63
-155
-10
30
25
-24
88
108
3
0
-89
-82
-146
-118
-57
-84
-28
-16
-26
157
54
-157
-11
-148
-34
-154
60
45
57
-150
0
-117
-55
-103
-37
12
9
-23
10
67
35
3
-125
28
-62
-11
5
35
-17
65
-33
14
-4
-15
-17
30
9
-7
6
-21
46
-128
-18
55
-61
-137
20
-91
-18
-42
15
-19
0
2
123
-110
-71
-90
-6
-39
37
17
23
-36
-144
-53
-31
29
-106
-32
-14
102
-2
9
-14
25
158
-98
49
-5
-16
135
36
86
-120
8
20
-4
151
-81
-72
-7
19
0
3
-2
87
-14
53
-50
11
48
-82
-4
47
24
-1
-108
27
-48
-19
-48
-111
-90
-6
0
0
-83
49
133
-127
-142
-43
-32
-24
-97
-91
-12
35
-79
-52
-107
-151
-47
-22
149
42
-13
133
-39
-11
25
95
-99
-155
-36
-46
3
67
-145
34
-40
17
-99
51
0
0
-51
4
50
-129
77
-34
12
-117
-44
32
-26
-156
-121
-70
72
-7
2
44
-85
150
0
0
0
-140
-7
-44
-25
34
-53
-5
0
53
27
-19
-45
15
-56
-1
-4
-27
0
28
74
-131
139
156
-62
41
-31
25
32
119
-5
94
44
-21
24
20
109
0
112
-147
1
61
13
-55
0
-110
152
103
80
10
21
37
23
23
16
-30
47
-64
58
-37
30
0
24
6
-39
95
-4
-21
-32
8
-18
-63
0
-39
-106
1
28
-37
-35
0
127
1
76
5
-15
0
94
13
26
18
0
0
40
59
19
-12
0
-11
0
158
0
12
0
-5
-17
-69
-26
147
-7
116
-16
36
0
37
141
-13
-121
-3
-48
18
127
-26
138
-43
127
-19
-157
-8
130
1
-2
6
-144
20
5
-17
-6
60
150
12
-134
-31
-7
6
-9
0
-117
-71
55
114
-29
-20
-2
-3
105
141
108
19
0
-5
35
-5
59
-137
-109
-2
41
0
136
41
16
-33
148
-4
10
-67
25
-38
28
35
-24
43
133
-20
17
10
-51
-2
-12
25
-4
22
34
-113
-22
-146
18
-42
-15
6
31
-16
-56
-7
137
2
-62
14
-55
21
24
154
23
-20
-102
40
-28
-31
-11
-73
-138
0
0
-4
21
-1
-76
-84
28
6
111
34
3
15
23
17
80
18
54
-23
22
-70
-106
-35
-126
-2
0
23
-6
71
-22
-28
-149
-13
-44
-27
0
-46
-13
-25
-39
-80
0
-36
120
-24
-1
21
1
82
0
-19
-42
1
-118
85
-123
-89
-105
-54
-151
-143
0
-3
-68
27
-89
15
-93
-125
90
8
50
6
0
147
50
2
14
-44
-8
0
11
43
-122
-39
14
55
-10
0
-29
0
-83
-146
0
142
39
39
-124
131
0
-140
58
-25
48
25
-38
9
91
0
-130
-15
7
-7
-38
9
-154
3
-64
-33
132
133
-7
-62
29
112
-1
0
1
13
-13
29
26
-19
37
14
-16
47
12
-24
79
-31
-8
95
33
26
0
0
74
51
-57
23
-7
5
123
5
0
0
-86
-14
-65
-36
56
-37
-6
155
107
42
48
0
37
0
31
9
-30
-116
-124
119
-57
144
0
39
0
-8
156
-14
56
-69
74
-58
-140
-4
-3
151
87
-45
-37
18
129
-5
158
10
16
-54
-34
47
-48
2
20
-2
46
26
-11
-1
107
-50
14
-4
-8
11
-36
-157
-18
9
-13
-96
-22
-113
34
52
5
-30
-15
152
-41
-53
-73
-67
-30
-31
-57
-53
19
66
-15
-61
0
-155
51
0
23
26
17
21
0
45
59
86
-58
106
3
64
52
-29
46
58
-19
55
-27
53
34
20
-100
27
93
-99
118
23
-38
4
132
28
10
83
1
33
-33
-33
-10
120
49
-22
5
7
-10
4
0
-9
35
0
-110
7
135
-115
-131
-76
-13
-15
72
-139
153
98
16
11
142
-148
36
35
-75
4
-27
-14
125
22
29
0
18
-32
47
92
-13
49
-7
-63
0
-34
68
88
12
-15
90
20
25
-77
-96
-7
135
-52
-4
-32
21
-11
-95
-99
-2
1
65
43
-2
15
-66
6
50
103
119
3
40
-52
14
-145
-84
-112
49
0
-143
152
-4
-11
-1
-51
3
101
-92
0
134
-115
-13
35
10
-61
12
-5
-16
-156
0
6
121
8
-60
53
-24
26
129
-5
79
78
-6
-6
-42
11
4
-12
30
0
45
46
-12
-110
128
126
24
54
-9
28
114
25
-9
102
8
17
101
0
0
21
77
72
63
-13
45
19
0
153
-150
139
9
-12
32
-11
75
-8
81
149
-97
-32
-3
32
-49
-3
117
-40
-3
14
20
94
-37
-22
78
-30
81
1
0
-91
-15
-5
-57
0
0
-38
2
-56
109
-82
27
128
-8
-87
-7
-97
-40
136
-38
47
26
-32
-10
-104
88
-4
21
-104
100
0
0
18
111
103
-10
-25
70
-85
-23
145
-94
-24
-17
0
24
41
-9
30
44
-36
-18
16
-21
0
-98
44
17
-122
0
39
108
