-122
-112
-18
-33
48
-11
7
-47
47
-32
28
-7
60
-35
44
-139
-1
-38
39
51
108
0
3
148
-101
-110
-27
-20
-36
44
144
52
34
41
158
-81
-57
37
0
-34
4
2
-26
56
-76
15
-11
99
-1
-83
0
36
36
48
14
-2
2
-58
-23
3
-134
-4
37
-153
-38
47
-43
-39
40
36
94
-52
39
26
-118
-1
64
33
-7
-6
-111
-72
-12
28
58
84
-54
25
32
21
0
29
3
41
-10
7
-86
-26
6
0
-82
9
-26
14
8
152
-107
-8
-106
133
9
-21
-74
-136
-18
-138
51
-11
144
33
155
20
22
-9
61
-3
76
-10
-1
3
-157
9
157
-30
-31
37
-88
-25
-82
10
6
7
78
-5
7
0
138
-16
-19
-9
7
0
29
-137
30
5
2
123
0
5
151
112
27
-96
87
-7
-1
59
-155
-145
103
142
146
-5
11
8
9
-61
-16
-128
147
-4
65
5
-29
2
-84
9
115
89
35
39
20
0
0
126
4
-20
25
19
-18
62
-107
1
-126
-19
24
-49
-17
6
141
15
39
0
-95
23
15
75
-33
119
5
0
56
27
0
-35
14
29
-96
101
0
153
0
-104
11
0
21
22
16
-35
3
-83
-18
-77
-13
105
0
14
120
-98
57
93
14
10
-3
128
-30
147
49
-53
-10
5
6
-10
156
-37
-34
92
-23
-154
28
28
-50
67
-27
-25
6
51
-58
90
71
27
0
21
-57
50
-24
79
87
18
-93
-14
21
18
-73
6
-114
48
-53
13
66
-38
129
-72
36
-102
-51
-13
15
-132
29
-88
140
-55
-117
154
53
32
24
-105
-23
0
-20
45
0
-19
130
15
145
-26
-26
-16
41
-100
4
0
-142
-2
-67
16
48
47
-129
50
-29
151
-55
-12
-8
-86
-94
-46
-75
-24
2
21
6
-10
-4
-18
-33
24
20
20
-53
0
5
-2
-14
32
54
36
123
-34
7
42
-122
14
-11
-115
-1
0
156
-12
-16
-119
113
-40
-131
-98
7
-15
23
13
31
-40
135
-24
4
22
3
-40
-12
-90
-11
127
0
0
-12
-27
113
-22
-85
-116
6
-46
-26
-12
102
-55
17
0
0
-58
-111
-32
9
-4
0
100
-77
-24
-17
62
0
140
-17
-34
95
65
20
-2
0
127
-8
37
12
-5
0
-28
-43
97
-104
-1
15
-13
17
-31
-7
-25
73
12
54
34
-19
22
0
0
64
59
-10
-24
120
-3
0
41
-57
28
44
-3
23
71
4
68
-89
11
-23
0
-7
-8
0
-14
-131
8
10
-6
8
78
2
109
-11
-152
12
-31
33
30
15
9
0
124
106
0
121
6
-22
16
22
-79
-125
-69
-150
-13
-92
-13
30
91
-13
109
-54
-6
-17
-49
56
60
19
19
1
136
-99
43
0
9
134
-43
-44
0
132
69
-74
81
158
30
-50
80
-52
1
-21
-45
-143
125
0
-2
-8
1
-8
-150
-5
118
139
103
-3
10
-25
143
-15
0
-130
-25
-97
38
-80
0
-22
-35
0
91
149
-15
148
-110
17
-37
0
-18
42
35
-49
70
14
-13
42
-13
1
141
45
-137
-135
-117
21
5
-4
-11
0
31
16
-63
-46
-55
0
-45
-12
23
0
-63
-52
-31
-3
-4
66
108
116
-124
0
114
-26
-146
-38
-68
56
25
70
-149
32
0
19
46
17
-121
-38
0
85
-133
0
-39
-5
-42
2
4
0
1
0
0
42
-114
-152
26
-148
97
-140
-104
-19
-4
126
41
-33
35
47
-64
-20
20
0
0
62
109
73
91
-40
-85
-34
73
-5
-15
15
77
30
-21
-5
69
105
-68
-138
-21
-13
107
20
-142
102
-25
-25
0
-110
30
96
24
5
-47
-26
-58
148
-7
36
13
-34
-150
122
0
-7
0
-135
0
-36
-38
7
13
-75
100
0
-38
106
-55
29
36
-131
72
-18
-25
-13
-16
-24
-35
0
11
24
147
61
-154
17
-39
86
-83
26
12
56
-18
38
9
12
14
4
13
2
-58
-14
-158
77
36
85
-7
-74
19
-35
122
0
-12
68
-18
19
-23
91
7
-86
-6
14
12
-7
-71
54
117
7
-11
-21
34
-63
0
24
60
-95
0
-31
3
28
-10
9
-17
-16
71
10
19
-26
28
-49
-27
2
0
-3
-125
-6
115
132
-22
-32
-8
-1
11
20
105
0
-134
-11
57
-35
-57
118
-11
-121
-21
42
70
-51
21
17
-111
43
22
-128
-112
0
-7
37
155
28
-12
-6
-93
-31
0
0
5
0
-15
12
6
69
-156
-50
-55
89
22
-30
144
13
67
-95
108
-120
-25
-5
-12
2
102
-92
120
-88
-41
79
51
0
129
-30
-1
-81
-7
-35
-32
-117
22
-133
8
-21
28
-66
6
2
-110
0
39
-41
-46
-114
-4
84
3
-13
92
3
56
-15
0
-48
8
-40
18
-90
-16
-70
-141
-1
99
0
83
-28
38
-15
38
29
-3
37
-48
0
-33
-128
33
137
0
49
23
-11
-152
14
-90
50
-107
58
-37
9
0
-19
10
135
-131
32
-130
10
1
21
52
-18
-6
-4
-9
82
-78
103
-59
-4
-16
0
81
-28
76
-123
0
9
-2
23
-65
-126
-49
24
16
157
-10
0
-23
-5
-151
-4
-104
-116
31
-3
0
6
-62
2
0
9
0
113
142
13
11
-76
119
-44
-23
-98
-12
5
46
27
0
-147
33
37
-20
3
-145
14
112
31
18
-17
-156
-8
6
-106
57
32
-84
22
146
47
-36
18
-80
-54
-53
133
88
-87
8
-80
0
0
-25
-31
0
-144
143
-15
-6
3
-139
136
-39
-11
51
100
-113
-35
-44
-4
26
8
134
40
45
7
66
-139
5
59
-153
34
17
158
53
0
1
-27
-130
-7
-9
27
0
26
-16
40
108
0
-52
20
15
-6
-53
-119
-82
-118
109
75
-149
3
-101
129
29
-115
-150
124
-5
10
-60
52
-43
-138
-31
-16
0
-12
-15
25
-97
-33
32
-39
19
-143
136
43
14
5
-8
44
-13
-8
-4
11
10
-5
-16
-3
-22
-44
-67
-21
-43
-25
0
-141
-149
-18
55
-10
0
-37
42
27
29
93
-13
-4
-26
-39
111
2
1
94
0
48
1
38
2
154
-24
5
1
1
-121
-27
-33
103
17
63
0
-36
-9
157
-57
-22
8
-132
-55
99
-58
-54
151
0
-24
-2
-19
-140
-29
3
52
-98
-87
3
-12
14
-123
14
124
-72
32
0
9
65
125
26
0
51
-10
20
1
-45
-54
0
2
53
10
34
155
6
-14
23
-46
-78
22
-24
0
64
89
116
61
-23
96
56
1
-45
-94
-153
7
9
0
-4
0
30
-34
-17
-47
-39
29
145
20
56
4
-15
-19
50
6
17
-74
79
45
-14
101
11
-2
49
0
-37
-30
127
-8
4
-41
-46
137
-48
2
-15
-42
127
146
23
-25
50
0
