param level:=0; 
param p:= 5; 
param uba:= 2; 
param halfn:= 11; 
param: i:
       Mset:=
      1 0
      2 0
      3 0
      4 1
      5 1
      6 2
      7 2
      8 2
      9 1
      10 1
      11 1; 
param T:  1 2 3 4 5 6 7 8 9 10 11:=
        1 1 4 2 0 1 4 2 0 4 3 3
        2 3 1 4 2 0 1 4 2 0 4 3
        3 3 3 1 4 2 0 1 4 2 0 4
        4 4 3 3 1 4 2 0 1 4 2 0
        5 0 4 3 3 1 4 2 0 1 4 2
        6 2 0 4 3 3 1 4 2 0 1 4
        7 4 2 0 4 3 3 1 4 2 0 1
        8 1 4 2 0 4 3 3 1 4 2 0
        9 0 1 4 2 0 4 3 3 1 4 2
        10 2 0 1 4 2 0 4 3 3 1 4
        11 4 2 0 1 4 2 0 4 3 3 1;