param level:=0; 
param p:= 5; 
param uba:= 2; 
param halfn:= 11; 
param: i:
       Mset:=
      1 0
      2 0
      3 0
      4 1
      5 1
      6 2
      7 2
      8 2
      9 1
      10 1
      11 1; 
param T:  1 2 3 4 5 6 7 8 9 10 11:=
        1 4 3 1 1 2 4 0 0 3 4 0
        2 0 4 3 1 1 2 4 0 0 3 4
        3 4 0 4 3 1 1 2 4 0 0 3
        4 3 4 0 4 3 1 1 2 4 0 0
        5 0 3 4 0 4 3 1 1 2 4 0
        6 0 0 3 4 0 4 3 1 1 2 4
        7 4 0 0 3 4 0 4 3 1 1 2
        8 2 4 0 0 3 4 0 4 3 1 1
        9 1 2 4 0 0 3 4 0 4 3 1
        10 1 1 2 4 0 0 3 4 0 4 3
        11 3 1 1 2 4 0 0 3 4 0 4;