param level:=0; 
param p:= 5; 
param uba:= 2; 
param halfn:= 11; 
param: i:
       Mset:=
      1 0
      2 0
      3 0
      4 1
      5 1
      6 2
      7 2
      8 2
      9 1
      10 1
      11 1; 
param T:  1 2 3 4 5 6 7 8 9 10 11:=
        1 2 3 0 3 3 1 1 3 1 2 1
        2 1 2 3 0 3 3 1 1 3 1 2
        3 2 1 2 3 0 3 3 1 1 3 1
        4 1 2 1 2 3 0 3 3 1 1 3
        5 3 1 2 1 2 3 0 3 3 1 1
        6 1 3 1 2 1 2 3 0 3 3 1
        7 1 1 3 1 2 1 2 3 0 3 3
        8 3 1 1 3 1 2 1 2 3 0 3
        9 3 3 1 1 3 1 2 1 2 3 0
        10 0 3 3 1 1 3 1 2 1 2 3
        11 3 0 3 3 1 1 3 1 2 1 2;