param level:=0; 
param p:= 5; 
param uba:= 2; 
param halfn:= 11; 
param: i:
       Mset:=
      1 0
      2 0
      3 0
      4 1
      5 1
      6 2
      7 2
      8 2
      9 1
      10 1
      11 1; 
param T:  1 2 3 4 5 6 7 8 9 10 11:=
        1 3 2 4 0 4 1 1 2 4 2 0
        2 0 3 2 4 0 4 1 1 2 4 2
        3 2 0 3 2 4 0 4 1 1 2 4
        4 4 2 0 3 2 4 0 4 1 1 2
        5 2 4 2 0 3 2 4 0 4 1 1
        6 1 2 4 2 0 3 2 4 0 4 1
        7 1 1 2 4 2 0 3 2 4 0 4
        8 4 1 1 2 4 2 0 3 2 4 0
        9 0 4 1 1 2 4 2 0 3 2 4
        10 4 0 4 1 1 2 4 2 0 3 2
        11 2 4 0 4 1 1 2 4 2 0 3; 
param Q1:  1 2 3 4 5 6 7 8 9 10 11:=
        1 2 3 4 2 3 1 0 4 4 3 1
        2 1 2 3 4 2 3 1 0 4 4 3
        3 3 1 2 3 4 2 3 1 0 4 4
        4 4 3 1 2 3 4 2 3 1 0 4
        5 4 4 3 1 2 3 4 2 3 1 0
        6 0 4 4 3 1 2 3 4 2 3 1
        7 1 0 4 4 3 1 2 3 4 2 3
        8 3 1 0 4 4 3 1 2 3 4 2
        9 2 3 1 0 4 4 3 1 2 3 4
        10 4 2 3 1 0 4 4 3 1 2 3
        11 3 4 2 3 1 0 4 4 3 1 2; 
param R1:  1 2 3 4 5 6 7 8 9 10 11:=
        1 1 0 0 0 0 0 0 0 0 0 0
        2 0 1 0 0 0 0 0 0 0 0 0
        3 0 0 1 0 0 0 0 0 0 0 0
        4 0 0 0 1 0 0 0 0 0 0 0
        5 0 0 0 0 1 0 0 0 0 0 0
        6 0 0 0 0 0 1 0 0 0 0 0
        7 0 0 0 0 0 0 1 0 0 0 0
        8 0 0 0 0 0 0 0 1 0 0 0
        9 0 0 0 0 0 0 0 0 1 0 0
        10 0 0 0 0 0 0 0 0 0 1 0
        11 0 0 0 0 0 0 0 0 0 0 1; 
param Q2:  1 2 3 4 5 6 7 8 9 10 11:=
        1 5 0 0 0 0 0 0 0 0 0 0
        2 0 5 0 0 0 0 0 0 0 0 0
        3 0 0 5 0 0 0 0 0 0 0 0
        4 0 0 0 5 0 0 0 0 0 0 0
        5 0 0 0 0 5 0 0 0 0 0 0
        6 0 0 0 0 0 5 0 0 0 0 0
        7 0 0 0 0 0 0 5 0 0 0 0
        8 0 0 0 0 0 0 0 5 0 0 0
        9 0 0 0 0 0 0 0 0 5 0 0
        10 0 0 0 0 0 0 0 0 0 5 0
        11 0 0 0 0 0 0 0 0 0 0 5; 
param J:  1 2 3 4 5 6 7 8 9 10 11:=
        1 -2.0 -3.0 -4.0 -2.0 -3.0 -1.0 -0.0 -4.0 -4.0 -3.0 -1.0
        2 -1.0 -2.0 -3.0 -4.0 -2.0 -3.0 -1.0 -0.0 -4.0 -4.0 -3.0
        3 -3.0 -1.0 -2.0 -3.0 -4.0 -2.0 -3.0 -1.0 -0.0 -4.0 -4.0
        4 -4.0 -3.0 -1.0 -2.0 -3.0 -4.0 -2.0 -3.0 -1.0 -0.0 -4.0
        5 -4.0 -4.0 -3.0 -1.0 -2.0 -3.0 -4.0 -2.0 -3.0 -1.0 -0.0
        6 -0.0 -4.0 -4.0 -3.0 -1.0 -2.0 -3.0 -4.0 -2.0 -3.0 -1.0
        7 -1.0 -0.0 -4.0 -4.0 -3.0 -1.0 -2.0 -3.0 -4.0 -2.0 -3.0
        8 -3.0 -1.0 -0.0 -4.0 -4.0 -3.0 -1.0 -2.0 -3.0 -4.0 -2.0
        9 -2.0 -3.0 -1.0 -0.0 -4.0 -4.0 -3.0 -1.0 -2.0 -3.0 -4.0
        10 -4.0 -2.0 -3.0 -1.0 -0.0 -4.0 -4.0 -3.0 -1.0 -2.0 -3.0
        11 -3.0 -4.0 -2.0 -3.0 -1.0 -0.0 -4.0 -4.0 -3.0 -1.0 -2.0; 
param H:  1 2 3 4 5 6 7 8 9 10 11:=
        1 5 0 0 0 0 0 0 0 0 0 0
        2 0 5 0 0 0 0 0 0 0 0 0
        3 0 0 5 0 0 0 0 0 0 0 0
        4 0 0 0 5 0 0 0 0 0 0 0
        5 0 0 0 0 5 0 0 0 0 0 0
        6 0 0 0 0 0 5 0 0 0 0 0
        7 0 0 0 0 0 0 5 0 0 0 0
        8 0 0 0 0 0 0 0 5 0 0 0
        9 0 0 0 0 0 0 0 0 5 0 0
        10 0 0 0 0 0 0 0 0 0 5 0
        11 0 0 0 0 0 0 0 0 0 0 5;